1	-1	1	0	
1	-1	2	0	
1	-1	3	0	
1	0	1	4949	
1	0	2	4949	
1	0	3	5290	
1	1	1	4714	
1	1	2	4714	
1	1	3	5290	
1	2	1	4528	
1	2	2	4528	
1	2	3	5290	
1	3	1	4388	
1	3	2	4388	
1	3	3	5290	
1	4	1	4291	
1	4	2	4291	
1	4	3	5290	
1	5	1	4235	
1	5	2	4235	
1	5	3	5290	
1	6	1	4217	
1	6	2	4217	
1	6	3	5290	
1	7	1	4252	
1	7	2	4252	
1	7	3	5290	
1	8	1	4353	
1	8	2	4353	
1	8	3	5290	
1	9	1	4514	
1	9	2	4514	
1	9	3	5290	
1	10	1	4728	
1	10	2	4728	
1	10	3	5290	
1	11	1	4989	
1	11	2	4989	
1	11	3	5290	
1	12	1	5290	
1	12	2	5290	
1	12	3	5290	
1	13	1	5625	
1	13	2	5625	
1	13	3	5290	
1	14	1	5988	
1	14	2	5988	
1	14	3	5290	
1	15	1	6372	
1	15	2	6372	
1	15	3	5290	
1	16	1	6771	
1	16	2	6771	
1	16	3	5290	
1	17	1	7178	
1	17	2	7178	
1	17	3	5290	
1	18	1	7678	
1	18	2	7678	
1	18	3	5290	
1	19	1	8322	
1	19	2	8322	
1	19	3	5290	
1	20	1	9054	
1	20	2	9054	
1	20	3	5290	
1	21	1	9821	
1	21	2	9821	
1	21	3	5290	
1	22	1	9821	
1	22	2	9821	
1	22	3	9821	
1	23	1	9821	
1	23	2	9821	
1	23	3	9821	
1	24	1	9821	
1	24	2	9821	
1	24	3	9821	
1	25	1	9821	
1	25	2	9821	
1	25	3	9821	
1	26	1	9821	
1	26	2	9821	
1	26	3	9821	
1	27	1	9821	
1	27	2	9821	
1	27	3	9821	
1	28	1	9821	
1	28	2	9821	
1	28	3	9821	
1	29	1	9821	
1	29	2	9821	
1	29	3	9821	
1	30	1	9821	
1	30	2	9821	
1	30	3	9821	
1	31	1	9821	
1	31	2	9821	
1	31	3	9821	
1	32	1	9821	
1	32	2	9821	
1	32	3	9821	
1	33	1	9821	
1	33	2	9821	
1	33	3	9821	
1	34	1	9821	
1	34	2	9821	
1	34	3	9821	
1	35	1	9821	
1	35	2	9821	
1	35	3	9821	
1	36	1	9821	
1	36	2	9821	
1	36	3	9821	
1	37	1	9821	
1	37	2	9821	
1	37	3	9821	
1	38	1	9821	
1	38	2	9821	
1	38	3	9821	
1	39	1	9821	
1	39	2	9821	
1	39	3	9821	
1	40	1	9821	
1	40	2	9821	
1	40	3	9821	
1	41	1	9821	
1	41	2	9821	
1	41	3	9821	
1	42	1	9821	
1	42	2	9821	
1	42	3	9821	
1	43	1	9821	
1	43	2	9821	
1	43	3	9821	
1	44	1	9821	
1	44	2	9821	
1	44	3	9821	
1	45	1	9821	
1	45	2	9821	
1	45	3	9821	
1	46	1	9821	
1	46	2	9821	
1	46	3	9821	
1	47	1	9821	
1	47	2	9821	
1	47	3	9821	
1	48	1	9821	
1	48	2	9821	
1	48	3	9821	
1	49	1	9821	
1	49	2	9821	
1	49	3	9821	
1	50	1	9821	
1	50	2	9821	
1	50	3	9821	
1	51	1	9821	
1	51	2	9821	
1	51	3	9821	
1	52	1	9821	
1	52	2	9821	
1	52	3	9821	
1	53	1	9821	
1	53	2	9821	
1	53	3	9821	
1	54	1	9821	
1	54	2	9821	
1	54	3	9821	
1	55	1	9821	
1	55	2	9821	
1	55	3	9821	
1	56	1	9821	
1	56	2	9821	
1	56	3	9821	
1	57	1	9821	
1	57	2	9821	
1	57	3	9821	
1	58	1	9821	
1	58	2	9821	
1	58	3	9821	
1	59	1	9821	
1	59	2	9821	
1	59	3	9821	
1	60	1	9821	
1	60	2	9821	
1	60	3	9821	
1	61	1	9821	
1	61	2	9821	
1	61	3	9821	
1	62	1	9821	
1	62	2	9821	
1	62	3	9821	
1	63	1	9821	
1	63	2	9821	
1	63	3	9821	
1	64	1	9821	
1	64	2	9821	
1	64	3	9821	
1	65	1	9821	
1	65	2	9821	
1	65	3	9821	
1	66	1	9821	
1	66	2	9821	
1	66	3	9821	
1	67	1	9821	
1	67	2	9821	
1	67	3	9821	
1	68	1	9821	
1	68	2	9821	
1	68	3	9821	
1	69	1	9821	
1	69	2	9821	
1	69	3	9821	
1	70	1	9821	
1	70	2	9821	
1	70	3	9821	
1	71	1	9821	
1	71	2	9821	
1	71	3	9821	
1	72	1	9821	
1	72	2	9821	
1	72	3	9821	
1	73	1	9821	
1	73	2	9821	
1	73	3	9821	
1	74	1	9821	
1	74	2	9821	
1	74	3	9821	
1	75	1	9821	
1	75	2	9821	
1	75	3	9821	
1	76	1	9821	
1	76	2	9821	
1	76	3	9821	
1	77	1	9821	
1	77	2	9821	
1	77	3	9821	
1	78	1	9821	
1	78	2	9821	
1	78	3	9821	
1	79	1	9821	
1	79	2	9821	
1	79	3	9821	
1	80	1	9821	
1	80	2	9821	
1	80	3	9821	
1	81	1	9821	
1	81	2	9821	
1	81	3	9821	
1	82	1	9821	
1	82	2	9821	
1	82	3	9821	
1	83	1	9821	
1	83	2	9821	
1	83	3	9821	
1	84	1	9821	
1	84	2	9821	
1	84	3	9821	
1	85	1	9821	
1	85	2	9821	
1	85	3	9821	
1	86	1	9821	
1	86	2	9821	
1	86	3	9821	
1	87	1	9821	
1	87	2	9821	
1	87	3	9821	
1	88	1	9821	
1	88	2	9821	
1	88	3	9821	
1	89	1	9821	
1	89	2	9821	
1	89	3	9821	
1	90	1	9821	
1	90	2	9821	
1	90	3	9821	
1	91	1	9821	
1	91	2	9821	
1	91	3	9821	
1	92	1	9821	
1	92	2	9821	
1	92	3	9821	
1	93	1	9821	
1	93	2	9821	
1	93	3	9821	
1	94	1	9821	
1	94	2	9821	
1	94	3	9821	
1	95	1	9821	
1	95	2	9821	
1	95	3	9821	
1	96	1	9821	
1	96	2	9821	
1	96	3	9821	
1	97	1	9821	
1	97	2	9821	
1	97	3	9821	
1	98	1	9821	
1	98	2	9821	
1	98	3	9821	
1	99	1	9821	
1	99	2	9821	
1	99	3	9821	
1	100	1	9821	
1	100	2	9821	
1	100	3	9821	
1	101	1	9821	
1	101	2	9821	
1	101	3	9821	
1	102	1	9821	
1	102	2	9821	
1	102	3	9821	
1	103	1	9821	
1	103	2	9821	
1	103	3	9821	
1	104	1	9821	
1	104	2	9821	
1	104	3	9821	
1	105	1	9821	
1	105	2	9821	
1	105	3	9821	
1	106	1	9821	
1	106	2	9821	
1	106	3	9821	
1	107	1	9821	
1	107	2	9821	
1	107	3	9821	
1	108	1	9821	
1	108	2	9821	
1	108	3	9821	
1	109	1	9821	
1	109	2	9821	
1	109	3	9821	
1	110	1	9821	
1	110	2	9821	
1	110	3	9821	
1	111	1	9821	
1	111	2	9821	
1	111	3	9821	
1	112	1	9821	
1	112	2	9821	
1	112	3	9821	
1	113	1	9821	
1	113	2	9821	
1	113	3	9821	
1	114	1	9821	
1	114	2	9821	
1	114	3	9821	
1	115	1	9821	
1	115	2	9821	
1	115	3	9821	
1	116	1	9821	
1	116	2	9821	
1	116	3	9821	
1	117	1	9821	
1	117	2	9821	
1	117	3	9821	
1	118	1	9821	
1	118	2	9821	
1	118	3	9821	
1	119	1	9821	
1	119	2	9821	
1	119	3	9821	
1	120	1	9821	
1	120	2	9821	
1	120	3	9821	
2	-1	1	0	
2	-1	2	0	
2	-1	3	0	
2	0	1	4949	
2	0	2	4949	
2	0	3	5290	
2	1	1	4714	
2	1	2	4714	
2	1	3	5290	
2	2	1	4528	
2	2	2	4528	
2	2	3	5290	
2	3	1	4388	
2	3	2	4388	
2	3	3	5290	
2	4	1	4291	
2	4	2	4291	
2	4	3	5290	
2	5	1	4235	
2	5	2	4235	
2	5	3	5290	
2	6	1	4217	
2	6	2	4217	
2	6	3	5290	
2	7	1	4252	
2	7	2	4252	
2	7	3	5290	
2	8	1	4353	
2	8	2	4353	
2	8	3	5290	
2	9	1	4514	
2	9	2	4514	
2	9	3	5290	
2	10	1	4728	
2	10	2	4728	
2	10	3	5290	
2	11	1	4989	
2	11	2	4989	
2	11	3	5290	
2	12	1	5290	
2	12	2	5290	
2	12	3	5290	
2	13	1	5625	
2	13	2	5625	
2	13	3	5290	
2	14	1	5988	
2	14	2	5988	
2	14	3	5290	
2	15	1	6372	
2	15	2	6372	
2	15	3	5290	
2	16	1	6771	
2	16	2	6771	
2	16	3	5290	
2	17	1	7178	
2	17	2	7178	
2	17	3	5290	
2	18	1	7678	
2	18	2	7678	
2	18	3	5290	
2	19	1	8322	
2	19	2	8322	
2	19	3	5290	
2	20	1	9054	
2	20	2	9054	
2	20	3	5290	
2	21	1	9821	
2	21	2	9821	
2	21	3	5290	
2	22	1	9821	
2	22	2	9821	
2	22	3	9821	
2	23	1	9821	
2	23	2	9821	
2	23	3	9821	
2	24	1	9821	
2	24	2	9821	
2	24	3	9821	
2	25	1	9821	
2	25	2	9821	
2	25	3	9821	
2	26	1	9821	
2	26	2	9821	
2	26	3	9821	
2	27	1	9821	
2	27	2	9821	
2	27	3	9821	
2	28	1	9821	
2	28	2	9821	
2	28	3	9821	
2	29	1	9821	
2	29	2	9821	
2	29	3	9821	
2	30	1	9821	
2	30	2	9821	
2	30	3	9821	
2	31	1	9821	
2	31	2	9821	
2	31	3	9821	
2	32	1	9821	
2	32	2	9821	
2	32	3	9821	
2	33	1	9821	
2	33	2	9821	
2	33	3	9821	
2	34	1	9821	
2	34	2	9821	
2	34	3	9821	
2	35	1	9821	
2	35	2	9821	
2	35	3	9821	
2	36	1	9821	
2	36	2	9821	
2	36	3	9821	
2	37	1	9821	
2	37	2	9821	
2	37	3	9821	
2	38	1	9821	
2	38	2	9821	
2	38	3	9821	
2	39	1	9821	
2	39	2	9821	
2	39	3	9821	
2	40	1	9821	
2	40	2	9821	
2	40	3	9821	
2	41	1	9821	
2	41	2	9821	
2	41	3	9821	
2	42	1	9821	
2	42	2	9821	
2	42	3	9821	
2	43	1	9821	
2	43	2	9821	
2	43	3	9821	
2	44	1	9821	
2	44	2	9821	
2	44	3	9821	
2	45	1	9821	
2	45	2	9821	
2	45	3	9821	
2	46	1	9821	
2	46	2	9821	
2	46	3	9821	
2	47	1	9821	
2	47	2	9821	
2	47	3	9821	
2	48	1	9821	
2	48	2	9821	
2	48	3	9821	
2	49	1	9821	
2	49	2	9821	
2	49	3	9821	
2	50	1	9821	
2	50	2	9821	
2	50	3	9821	
2	51	1	9821	
2	51	2	9821	
2	51	3	9821	
2	52	1	9821	
2	52	2	9821	
2	52	3	9821	
2	53	1	9821	
2	53	2	9821	
2	53	3	9821	
2	54	1	9821	
2	54	2	9821	
2	54	3	9821	
2	55	1	9821	
2	55	2	9821	
2	55	3	9821	
2	56	1	9821	
2	56	2	9821	
2	56	3	9821	
2	57	1	9821	
2	57	2	9821	
2	57	3	9821	
2	58	1	9821	
2	58	2	9821	
2	58	3	9821	
2	59	1	9821	
2	59	2	9821	
2	59	3	9821	
2	60	1	9821	
2	60	2	9821	
2	60	3	9821	
2	61	1	9821	
2	61	2	9821	
2	61	3	9821	
2	62	1	9821	
2	62	2	9821	
2	62	3	9821	
2	63	1	9821	
2	63	2	9821	
2	63	3	9821	
2	64	1	9821	
2	64	2	9821	
2	64	3	9821	
2	65	1	9821	
2	65	2	9821	
2	65	3	9821	
2	66	1	9821	
2	66	2	9821	
2	66	3	9821	
2	67	1	9821	
2	67	2	9821	
2	67	3	9821	
2	68	1	9821	
2	68	2	9821	
2	68	3	9821	
2	69	1	9821	
2	69	2	9821	
2	69	3	9821	
2	70	1	9821	
2	70	2	9821	
2	70	3	9821	
2	71	1	9821	
2	71	2	9821	
2	71	3	9821	
2	72	1	9821	
2	72	2	9821	
2	72	3	9821	
2	73	1	9821	
2	73	2	9821	
2	73	3	9821	
2	74	1	9821	
2	74	2	9821	
2	74	3	9821	
2	75	1	9821	
2	75	2	9821	
2	75	3	9821	
2	76	1	9821	
2	76	2	9821	
2	76	3	9821	
2	77	1	9821	
2	77	2	9821	
2	77	3	9821	
2	78	1	9821	
2	78	2	9821	
2	78	3	9821	
2	79	1	9821	
2	79	2	9821	
2	79	3	9821	
2	80	1	9821	
2	80	2	9821	
2	80	3	9821	
2	81	1	9821	
2	81	2	9821	
2	81	3	9821	
2	82	1	9821	
2	82	2	9821	
2	82	3	9821	
2	83	1	9821	
2	83	2	9821	
2	83	3	9821	
2	84	1	9821	
2	84	2	9821	
2	84	3	9821	
2	85	1	9821	
2	85	2	9821	
2	85	3	9821	
2	86	1	9821	
2	86	2	9821	
2	86	3	9821	
2	87	1	9821	
2	87	2	9821	
2	87	3	9821	
2	88	1	9821	
2	88	2	9821	
2	88	3	9821	
2	89	1	9821	
2	89	2	9821	
2	89	3	9821	
2	90	1	9821	
2	90	2	9821	
2	90	3	9821	
2	91	1	9821	
2	91	2	9821	
2	91	3	9821	
2	92	1	9821	
2	92	2	9821	
2	92	3	9821	
2	93	1	9821	
2	93	2	9821	
2	93	3	9821	
2	94	1	9821	
2	94	2	9821	
2	94	3	9821	
2	95	1	9821	
2	95	2	9821	
2	95	3	9821	
2	96	1	9821	
2	96	2	9821	
2	96	3	9821	
2	97	1	9821	
2	97	2	9821	
2	97	3	9821	
2	98	1	9821	
2	98	2	9821	
2	98	3	9821	
2	99	1	9821	
2	99	2	9821	
2	99	3	9821	
2	100	1	9821	
2	100	2	9821	
2	100	3	9821	
2	101	1	9821	
2	101	2	9821	
2	101	3	9821	
2	102	1	9821	
2	102	2	9821	
2	102	3	9821	
2	103	1	9821	
2	103	2	9821	
2	103	3	9821	
2	104	1	9821	
2	104	2	9821	
2	104	3	9821	
2	105	1	9821	
2	105	2	9821	
2	105	3	9821	
2	106	1	9821	
2	106	2	9821	
2	106	3	9821	
2	107	1	9821	
2	107	2	9821	
2	107	3	9821	
2	108	1	9821	
2	108	2	9821	
2	108	3	9821	
2	109	1	9821	
2	109	2	9821	
2	109	3	9821	
2	110	1	9821	
2	110	2	9821	
2	110	3	9821	
2	111	1	9821	
2	111	2	9821	
2	111	3	9821	
2	112	1	9821	
2	112	2	9821	
2	112	3	9821	
2	113	1	9821	
2	113	2	9821	
2	113	3	9821	
2	114	1	9821	
2	114	2	9821	
2	114	3	9821	
2	115	1	9821	
2	115	2	9821	
2	115	3	9821	
2	116	1	9821	
2	116	2	9821	
2	116	3	9821	
2	117	1	9821	
2	117	2	9821	
2	117	3	9821	
2	118	1	9821	
2	118	2	9821	
2	118	3	9821	
2	119	1	9821	
2	119	2	9821	
2	119	3	9821	
2	120	1	9821	
2	120	2	9821	
2	120	3	9821	
3	-1	1	0	
3	-1	2	0	
3	-1	3	0	
3	0	1	4949	
3	0	2	4949	
3	0	3	5290	
3	1	1	4714	
3	1	2	4714	
3	1	3	5290	
3	2	1	4528	
3	2	2	4528	
3	2	3	5290	
3	3	1	4388	
3	3	2	4388	
3	3	3	5290	
3	4	1	4291	
3	4	2	4291	
3	4	3	5290	
3	5	1	4235	
3	5	2	4235	
3	5	3	5290	
3	6	1	4217	
3	6	2	4217	
3	6	3	5290	
3	7	1	4252	
3	7	2	4252	
3	7	3	5290	
3	8	1	4353	
3	8	2	4353	
3	8	3	5290	
3	9	1	4514	
3	9	2	4514	
3	9	3	5290	
3	10	1	4728	
3	10	2	4728	
3	10	3	5290	
3	11	1	4989	
3	11	2	4989	
3	11	3	5290	
3	12	1	5290	
3	12	2	5290	
3	12	3	5290	
3	13	1	5625	
3	13	2	5625	
3	13	3	5290	
3	14	1	5988	
3	14	2	5988	
3	14	3	5290	
3	15	1	6372	
3	15	2	6372	
3	15	3	5290	
3	16	1	6771	
3	16	2	6771	
3	16	3	5290	
3	17	1	7178	
3	17	2	7178	
3	17	3	5290	
3	18	1	7678	
3	18	2	7678	
3	18	3	5290	
3	19	1	8322	
3	19	2	8322	
3	19	3	5290	
3	20	1	9054	
3	20	2	9054	
3	20	3	5290	
3	21	1	9821	
3	21	2	9821	
3	21	3	5290	
3	22	1	9821	
3	22	2	9821	
3	22	3	9821	
3	23	1	9821	
3	23	2	9821	
3	23	3	9821	
3	24	1	9821	
3	24	2	9821	
3	24	3	9821	
3	25	1	9821	
3	25	2	9821	
3	25	3	9821	
3	26	1	9821	
3	26	2	9821	
3	26	3	9821	
3	27	1	9821	
3	27	2	9821	
3	27	3	9821	
3	28	1	9821	
3	28	2	9821	
3	28	3	9821	
3	29	1	9821	
3	29	2	9821	
3	29	3	9821	
3	30	1	9821	
3	30	2	9821	
3	30	3	9821	
3	31	1	9821	
3	31	2	9821	
3	31	3	9821	
3	32	1	9821	
3	32	2	9821	
3	32	3	9821	
3	33	1	9821	
3	33	2	9821	
3	33	3	9821	
3	34	1	9821	
3	34	2	9821	
3	34	3	9821	
3	35	1	9821	
3	35	2	9821	
3	35	3	9821	
3	36	1	9821	
3	36	2	9821	
3	36	3	9821	
3	37	1	9821	
3	37	2	9821	
3	37	3	9821	
3	38	1	9821	
3	38	2	9821	
3	38	3	9821	
3	39	1	9821	
3	39	2	9821	
3	39	3	9821	
3	40	1	9821	
3	40	2	9821	
3	40	3	9821	
3	41	1	9821	
3	41	2	9821	
3	41	3	9821	
3	42	1	9821	
3	42	2	9821	
3	42	3	9821	
3	43	1	9821	
3	43	2	9821	
3	43	3	9821	
3	44	1	9821	
3	44	2	9821	
3	44	3	9821	
3	45	1	9821	
3	45	2	9821	
3	45	3	9821	
3	46	1	9821	
3	46	2	9821	
3	46	3	9821	
3	47	1	9821	
3	47	2	9821	
3	47	3	9821	
3	48	1	9821	
3	48	2	9821	
3	48	3	9821	
3	49	1	9821	
3	49	2	9821	
3	49	3	9821	
3	50	1	9821	
3	50	2	9821	
3	50	3	9821	
3	51	1	9821	
3	51	2	9821	
3	51	3	9821	
3	52	1	9821	
3	52	2	9821	
3	52	3	9821	
3	53	1	9821	
3	53	2	9821	
3	53	3	9821	
3	54	1	9821	
3	54	2	9821	
3	54	3	9821	
3	55	1	9821	
3	55	2	9821	
3	55	3	9821	
3	56	1	9821	
3	56	2	9821	
3	56	3	9821	
3	57	1	9821	
3	57	2	9821	
3	57	3	9821	
3	58	1	9821	
3	58	2	9821	
3	58	3	9821	
3	59	1	9821	
3	59	2	9821	
3	59	3	9821	
3	60	1	9821	
3	60	2	9821	
3	60	3	9821	
3	61	1	9821	
3	61	2	9821	
3	61	3	9821	
3	62	1	9821	
3	62	2	9821	
3	62	3	9821	
3	63	1	9821	
3	63	2	9821	
3	63	3	9821	
3	64	1	9821	
3	64	2	9821	
3	64	3	9821	
3	65	1	9821	
3	65	2	9821	
3	65	3	9821	
3	66	1	9821	
3	66	2	9821	
3	66	3	9821	
3	67	1	9821	
3	67	2	9821	
3	67	3	9821	
3	68	1	9821	
3	68	2	9821	
3	68	3	9821	
3	69	1	9821	
3	69	2	9821	
3	69	3	9821	
3	70	1	9821	
3	70	2	9821	
3	70	3	9821	
3	71	1	9821	
3	71	2	9821	
3	71	3	9821	
3	72	1	9821	
3	72	2	9821	
3	72	3	9821	
3	73	1	9821	
3	73	2	9821	
3	73	3	9821	
3	74	1	9821	
3	74	2	9821	
3	74	3	9821	
3	75	1	9821	
3	75	2	9821	
3	75	3	9821	
3	76	1	9821	
3	76	2	9821	
3	76	3	9821	
3	77	1	9821	
3	77	2	9821	
3	77	3	9821	
3	78	1	9821	
3	78	2	9821	
3	78	3	9821	
3	79	1	9821	
3	79	2	9821	
3	79	3	9821	
3	80	1	9821	
3	80	2	9821	
3	80	3	9821	
3	81	1	9821	
3	81	2	9821	
3	81	3	9821	
3	82	1	9821	
3	82	2	9821	
3	82	3	9821	
3	83	1	9821	
3	83	2	9821	
3	83	3	9821	
3	84	1	9821	
3	84	2	9821	
3	84	3	9821	
3	85	1	9821	
3	85	2	9821	
3	85	3	9821	
3	86	1	9821	
3	86	2	9821	
3	86	3	9821	
3	87	1	9821	
3	87	2	9821	
3	87	3	9821	
3	88	1	9821	
3	88	2	9821	
3	88	3	9821	
3	89	1	9821	
3	89	2	9821	
3	89	3	9821	
3	90	1	9821	
3	90	2	9821	
3	90	3	9821	
3	91	1	9821	
3	91	2	9821	
3	91	3	9821	
3	92	1	9821	
3	92	2	9821	
3	92	3	9821	
3	93	1	9821	
3	93	2	9821	
3	93	3	9821	
3	94	1	9821	
3	94	2	9821	
3	94	3	9821	
3	95	1	9821	
3	95	2	9821	
3	95	3	9821	
3	96	1	9821	
3	96	2	9821	
3	96	3	9821	
3	97	1	9821	
3	97	2	9821	
3	97	3	9821	
3	98	1	9821	
3	98	2	9821	
3	98	3	9821	
3	99	1	9821	
3	99	2	9821	
3	99	3	9821	
3	100	1	9821	
3	100	2	9821	
3	100	3	9821	
3	101	1	9821	
3	101	2	9821	
3	101	3	9821	
3	102	1	9821	
3	102	2	9821	
3	102	3	9821	
3	103	1	9821	
3	103	2	9821	
3	103	3	9821	
3	104	1	9821	
3	104	2	9821	
3	104	3	9821	
3	105	1	9821	
3	105	2	9821	
3	105	3	9821	
3	106	1	9821	
3	106	2	9821	
3	106	3	9821	
3	107	1	9821	
3	107	2	9821	
3	107	3	9821	
3	108	1	9821	
3	108	2	9821	
3	108	3	9821	
3	109	1	9821	
3	109	2	9821	
3	109	3	9821	
3	110	1	9821	
3	110	2	9821	
3	110	3	9821	
3	111	1	9821	
3	111	2	9821	
3	111	3	9821	
3	112	1	9821	
3	112	2	9821	
3	112	3	9821	
3	113	1	9821	
3	113	2	9821	
3	113	3	9821	
3	114	1	9821	
3	114	2	9821	
3	114	3	9821	
3	115	1	9821	
3	115	2	9821	
3	115	3	9821	
3	116	1	9821	
3	116	2	9821	
3	116	3	9821	
3	117	1	9821	
3	117	2	9821	
3	117	3	9821	
3	118	1	9821	
3	118	2	9821	
3	118	3	9821	
3	119	1	9821	
3	119	2	9821	
3	119	3	9821	
3	120	1	9821	
3	120	2	9821	
3	120	3	9821	
4	-1	1	0	
4	-1	2	0	
4	-1	3	0	
4	0	1	4949	
4	0	2	4949	
4	0	3	5290	
4	1	1	4714	
4	1	2	4714	
4	1	3	5290	
4	2	1	4528	
4	2	2	4528	
4	2	3	5290	
4	3	1	4388	
4	3	2	4388	
4	3	3	5290	
4	4	1	4291	
4	4	2	4291	
4	4	3	5290	
4	5	1	4235	
4	5	2	4235	
4	5	3	5290	
4	6	1	4217	
4	6	2	4217	
4	6	3	5290	
4	7	1	4252	
4	7	2	4252	
4	7	3	5290	
4	8	1	4353	
4	8	2	4353	
4	8	3	5290	
4	9	1	4514	
4	9	2	4514	
4	9	3	5290	
4	10	1	4728	
4	10	2	4728	
4	10	3	5290	
4	11	1	4989	
4	11	2	4989	
4	11	3	5290	
4	12	1	5290	
4	12	2	5290	
4	12	3	5290	
4	13	1	5625	
4	13	2	5625	
4	13	3	5290	
4	14	1	5988	
4	14	2	5988	
4	14	3	5290	
4	15	1	6372	
4	15	2	6372	
4	15	3	5290	
4	16	1	6771	
4	16	2	6771	
4	16	3	5290	
4	17	1	7178	
4	17	2	7178	
4	17	3	5290	
4	18	1	7678	
4	18	2	7678	
4	18	3	5290	
4	19	1	8322	
4	19	2	8322	
4	19	3	5290	
4	20	1	9054	
4	20	2	9054	
4	20	3	5290	
4	21	1	9821	
4	21	2	9821	
4	21	3	5290	
4	22	1	9821	
4	22	2	9821	
4	22	3	9821	
4	23	1	9821	
4	23	2	9821	
4	23	3	9821	
4	24	1	9821	
4	24	2	9821	
4	24	3	9821	
4	25	1	9821	
4	25	2	9821	
4	25	3	9821	
4	26	1	9821	
4	26	2	9821	
4	26	3	9821	
4	27	1	9821	
4	27	2	9821	
4	27	3	9821	
4	28	1	9821	
4	28	2	9821	
4	28	3	9821	
4	29	1	9821	
4	29	2	9821	
4	29	3	9821	
4	30	1	9821	
4	30	2	9821	
4	30	3	9821	
4	31	1	9821	
4	31	2	9821	
4	31	3	9821	
4	32	1	9821	
4	32	2	9821	
4	32	3	9821	
4	33	1	9821	
4	33	2	9821	
4	33	3	9821	
4	34	1	9821	
4	34	2	9821	
4	34	3	9821	
4	35	1	9821	
4	35	2	9821	
4	35	3	9821	
4	36	1	9821	
4	36	2	9821	
4	36	3	9821	
4	37	1	9821	
4	37	2	9821	
4	37	3	9821	
4	38	1	9821	
4	38	2	9821	
4	38	3	9821	
4	39	1	9821	
4	39	2	9821	
4	39	3	9821	
4	40	1	9821	
4	40	2	9821	
4	40	3	9821	
4	41	1	9821	
4	41	2	9821	
4	41	3	9821	
4	42	1	9821	
4	42	2	9821	
4	42	3	9821	
4	43	1	9821	
4	43	2	9821	
4	43	3	9821	
4	44	1	9821	
4	44	2	9821	
4	44	3	9821	
4	45	1	9821	
4	45	2	9821	
4	45	3	9821	
4	46	1	9821	
4	46	2	9821	
4	46	3	9821	
4	47	1	9821	
4	47	2	9821	
4	47	3	9821	
4	48	1	9821	
4	48	2	9821	
4	48	3	9821	
4	49	1	9821	
4	49	2	9821	
4	49	3	9821	
4	50	1	9821	
4	50	2	9821	
4	50	3	9821	
4	51	1	9821	
4	51	2	9821	
4	51	3	9821	
4	52	1	9821	
4	52	2	9821	
4	52	3	9821	
4	53	1	9821	
4	53	2	9821	
4	53	3	9821	
4	54	1	9821	
4	54	2	9821	
4	54	3	9821	
4	55	1	9821	
4	55	2	9821	
4	55	3	9821	
4	56	1	9821	
4	56	2	9821	
4	56	3	9821	
4	57	1	9821	
4	57	2	9821	
4	57	3	9821	
4	58	1	9821	
4	58	2	9821	
4	58	3	9821	
4	59	1	9821	
4	59	2	9821	
4	59	3	9821	
4	60	1	9821	
4	60	2	9821	
4	60	3	9821	
4	61	1	9821	
4	61	2	9821	
4	61	3	9821	
4	62	1	9821	
4	62	2	9821	
4	62	3	9821	
4	63	1	9821	
4	63	2	9821	
4	63	3	9821	
4	64	1	9821	
4	64	2	9821	
4	64	3	9821	
4	65	1	9821	
4	65	2	9821	
4	65	3	9821	
4	66	1	9821	
4	66	2	9821	
4	66	3	9821	
4	67	1	9821	
4	67	2	9821	
4	67	3	9821	
4	68	1	9821	
4	68	2	9821	
4	68	3	9821	
4	69	1	9821	
4	69	2	9821	
4	69	3	9821	
4	70	1	9821	
4	70	2	9821	
4	70	3	9821	
4	71	1	9821	
4	71	2	9821	
4	71	3	9821	
4	72	1	9821	
4	72	2	9821	
4	72	3	9821	
4	73	1	9821	
4	73	2	9821	
4	73	3	9821	
4	74	1	9821	
4	74	2	9821	
4	74	3	9821	
4	75	1	9821	
4	75	2	9821	
4	75	3	9821	
4	76	1	9821	
4	76	2	9821	
4	76	3	9821	
4	77	1	9821	
4	77	2	9821	
4	77	3	9821	
4	78	1	9821	
4	78	2	9821	
4	78	3	9821	
4	79	1	9821	
4	79	2	9821	
4	79	3	9821	
4	80	1	9821	
4	80	2	9821	
4	80	3	9821	
4	81	1	9821	
4	81	2	9821	
4	81	3	9821	
4	82	1	9821	
4	82	2	9821	
4	82	3	9821	
4	83	1	9821	
4	83	2	9821	
4	83	3	9821	
4	84	1	9821	
4	84	2	9821	
4	84	3	9821	
4	85	1	9821	
4	85	2	9821	
4	85	3	9821	
4	86	1	9821	
4	86	2	9821	
4	86	3	9821	
4	87	1	9821	
4	87	2	9821	
4	87	3	9821	
4	88	1	9821	
4	88	2	9821	
4	88	3	9821	
4	89	1	9821	
4	89	2	9821	
4	89	3	9821	
4	90	1	9821	
4	90	2	9821	
4	90	3	9821	
4	91	1	9821	
4	91	2	9821	
4	91	3	9821	
4	92	1	9821	
4	92	2	9821	
4	92	3	9821	
4	93	1	9821	
4	93	2	9821	
4	93	3	9821	
4	94	1	9821	
4	94	2	9821	
4	94	3	9821	
4	95	1	9821	
4	95	2	9821	
4	95	3	9821	
4	96	1	9821	
4	96	2	9821	
4	96	3	9821	
4	97	1	9821	
4	97	2	9821	
4	97	3	9821	
4	98	1	9821	
4	98	2	9821	
4	98	3	9821	
4	99	1	9821	
4	99	2	9821	
4	99	3	9821	
4	100	1	9821	
4	100	2	9821	
4	100	3	9821	
4	101	1	9821	
4	101	2	9821	
4	101	3	9821	
4	102	1	9821	
4	102	2	9821	
4	102	3	9821	
4	103	1	9821	
4	103	2	9821	
4	103	3	9821	
4	104	1	9821	
4	104	2	9821	
4	104	3	9821	
4	105	1	9821	
4	105	2	9821	
4	105	3	9821	
4	106	1	9821	
4	106	2	9821	
4	106	3	9821	
4	107	1	9821	
4	107	2	9821	
4	107	3	9821	
4	108	1	9821	
4	108	2	9821	
4	108	3	9821	
4	109	1	9821	
4	109	2	9821	
4	109	3	9821	
4	110	1	9821	
4	110	2	9821	
4	110	3	9821	
4	111	1	9821	
4	111	2	9821	
4	111	3	9821	
4	112	1	9821	
4	112	2	9821	
4	112	3	9821	
4	113	1	9821	
4	113	2	9821	
4	113	3	9821	
4	114	1	9821	
4	114	2	9821	
4	114	3	9821	
4	115	1	9821	
4	115	2	9821	
4	115	3	9821	
4	116	1	9821	
4	116	2	9821	
4	116	3	9821	
4	117	1	9821	
4	117	2	9821	
4	117	3	9821	
4	118	1	9821	
4	118	2	9821	
4	118	3	9821	
4	119	1	9821	
4	119	2	9821	
4	119	3	9821	
4	120	1	9821	
4	120	2	9821	
4	120	3	9821	
5	-1	1	0	
5	-1	2	0	
5	-1	3	0	
5	0	1	4949	
5	0	2	4949	
5	0	3	5290	
5	1	1	4714	
5	1	2	4714	
5	1	3	5290	
5	2	1	4528	
5	2	2	4528	
5	2	3	5290	
5	3	1	4388	
5	3	2	4388	
5	3	3	5290	
5	4	1	4291	
5	4	2	4291	
5	4	3	5290	
5	5	1	4235	
5	5	2	4235	
5	5	3	5290	
5	6	1	4217	
5	6	2	4217	
5	6	3	5290	
5	7	1	4252	
5	7	2	4252	
5	7	3	5290	
5	8	1	4353	
5	8	2	4353	
5	8	3	5290	
5	9	1	4514	
5	9	2	4514	
5	9	3	5290	
5	10	1	4728	
5	10	2	4728	
5	10	3	5290	
5	11	1	4989	
5	11	2	4989	
5	11	3	5290	
5	12	1	5290	
5	12	2	5290	
5	12	3	5290	
5	13	1	5625	
5	13	2	5625	
5	13	3	5290	
5	14	1	5988	
5	14	2	5988	
5	14	3	5290	
5	15	1	6372	
5	15	2	6372	
5	15	3	5290	
5	16	1	6771	
5	16	2	6771	
5	16	3	5290	
5	17	1	7178	
5	17	2	7178	
5	17	3	5290	
5	18	1	7678	
5	18	2	7678	
5	18	3	5290	
5	19	1	8322	
5	19	2	8322	
5	19	3	5290	
5	20	1	9054	
5	20	2	9054	
5	20	3	5290	
5	21	1	9821	
5	21	2	9821	
5	21	3	5290	
5	22	1	9821	
5	22	2	9821	
5	22	3	9821	
5	23	1	9821	
5	23	2	9821	
5	23	3	9821	
5	24	1	9821	
5	24	2	9821	
5	24	3	9821	
5	25	1	9821	
5	25	2	9821	
5	25	3	9821	
5	26	1	9821	
5	26	2	9821	
5	26	3	9821	
5	27	1	9821	
5	27	2	9821	
5	27	3	9821	
5	28	1	9821	
5	28	2	9821	
5	28	3	9821	
5	29	1	9821	
5	29	2	9821	
5	29	3	9821	
5	30	1	9821	
5	30	2	9821	
5	30	3	9821	
5	31	1	9821	
5	31	2	9821	
5	31	3	9821	
5	32	1	9821	
5	32	2	9821	
5	32	3	9821	
5	33	1	9821	
5	33	2	9821	
5	33	3	9821	
5	34	1	9821	
5	34	2	9821	
5	34	3	9821	
5	35	1	9821	
5	35	2	9821	
5	35	3	9821	
5	36	1	9821	
5	36	2	9821	
5	36	3	9821	
5	37	1	9821	
5	37	2	9821	
5	37	3	9821	
5	38	1	9821	
5	38	2	9821	
5	38	3	9821	
5	39	1	9821	
5	39	2	9821	
5	39	3	9821	
5	40	1	9821	
5	40	2	9821	
5	40	3	9821	
5	41	1	9821	
5	41	2	9821	
5	41	3	9821	
5	42	1	9821	
5	42	2	9821	
5	42	3	9821	
5	43	1	9821	
5	43	2	9821	
5	43	3	9821	
5	44	1	9821	
5	44	2	9821	
5	44	3	9821	
5	45	1	9821	
5	45	2	9821	
5	45	3	9821	
5	46	1	9821	
5	46	2	9821	
5	46	3	9821	
5	47	1	9821	
5	47	2	9821	
5	47	3	9821	
5	48	1	9821	
5	48	2	9821	
5	48	3	9821	
5	49	1	9821	
5	49	2	9821	
5	49	3	9821	
5	50	1	9821	
5	50	2	9821	
5	50	3	9821	
5	51	1	9821	
5	51	2	9821	
5	51	3	9821	
5	52	1	9821	
5	52	2	9821	
5	52	3	9821	
5	53	1	9821	
5	53	2	9821	
5	53	3	9821	
5	54	1	9821	
5	54	2	9821	
5	54	3	9821	
5	55	1	9821	
5	55	2	9821	
5	55	3	9821	
5	56	1	9821	
5	56	2	9821	
5	56	3	9821	
5	57	1	9821	
5	57	2	9821	
5	57	3	9821	
5	58	1	9821	
5	58	2	9821	
5	58	3	9821	
5	59	1	9821	
5	59	2	9821	
5	59	3	9821	
5	60	1	9821	
5	60	2	9821	
5	60	3	9821	
5	61	1	9821	
5	61	2	9821	
5	61	3	9821	
5	62	1	9821	
5	62	2	9821	
5	62	3	9821	
5	63	1	9821	
5	63	2	9821	
5	63	3	9821	
5	64	1	9821	
5	64	2	9821	
5	64	3	9821	
5	65	1	9821	
5	65	2	9821	
5	65	3	9821	
5	66	1	9821	
5	66	2	9821	
5	66	3	9821	
5	67	1	9821	
5	67	2	9821	
5	67	3	9821	
5	68	1	9821	
5	68	2	9821	
5	68	3	9821	
5	69	1	9821	
5	69	2	9821	
5	69	3	9821	
5	70	1	9821	
5	70	2	9821	
5	70	3	9821	
5	71	1	9821	
5	71	2	9821	
5	71	3	9821	
5	72	1	9821	
5	72	2	9821	
5	72	3	9821	
5	73	1	9821	
5	73	2	9821	
5	73	3	9821	
5	74	1	9821	
5	74	2	9821	
5	74	3	9821	
5	75	1	9821	
5	75	2	9821	
5	75	3	9821	
5	76	1	9821	
5	76	2	9821	
5	76	3	9821	
5	77	1	9821	
5	77	2	9821	
5	77	3	9821	
5	78	1	9821	
5	78	2	9821	
5	78	3	9821	
5	79	1	9821	
5	79	2	9821	
5	79	3	9821	
5	80	1	9821	
5	80	2	9821	
5	80	3	9821	
5	81	1	9821	
5	81	2	9821	
5	81	3	9821	
5	82	1	9821	
5	82	2	9821	
5	82	3	9821	
5	83	1	9821	
5	83	2	9821	
5	83	3	9821	
5	84	1	9821	
5	84	2	9821	
5	84	3	9821	
5	85	1	9821	
5	85	2	9821	
5	85	3	9821	
5	86	1	9821	
5	86	2	9821	
5	86	3	9821	
5	87	1	9821	
5	87	2	9821	
5	87	3	9821	
5	88	1	9821	
5	88	2	9821	
5	88	3	9821	
5	89	1	9821	
5	89	2	9821	
5	89	3	9821	
5	90	1	9821	
5	90	2	9821	
5	90	3	9821	
5	91	1	9821	
5	91	2	9821	
5	91	3	9821	
5	92	1	9821	
5	92	2	9821	
5	92	3	9821	
5	93	1	9821	
5	93	2	9821	
5	93	3	9821	
5	94	1	9821	
5	94	2	9821	
5	94	3	9821	
5	95	1	9821	
5	95	2	9821	
5	95	3	9821	
5	96	1	9821	
5	96	2	9821	
5	96	3	9821	
5	97	1	9821	
5	97	2	9821	
5	97	3	9821	
5	98	1	9821	
5	98	2	9821	
5	98	3	9821	
5	99	1	9821	
5	99	2	9821	
5	99	3	9821	
5	100	1	9821	
5	100	2	9821	
5	100	3	9821	
5	101	1	9821	
5	101	2	9821	
5	101	3	9821	
5	102	1	9821	
5	102	2	9821	
5	102	3	9821	
5	103	1	9821	
5	103	2	9821	
5	103	3	9821	
5	104	1	9821	
5	104	2	9821	
5	104	3	9821	
5	105	1	9821	
5	105	2	9821	
5	105	3	9821	
5	106	1	9821	
5	106	2	9821	
5	106	3	9821	
5	107	1	9821	
5	107	2	9821	
5	107	3	9821	
5	108	1	9821	
5	108	2	9821	
5	108	3	9821	
5	109	1	9821	
5	109	2	9821	
5	109	3	9821	
5	110	1	9821	
5	110	2	9821	
5	110	3	9821	
5	111	1	9821	
5	111	2	9821	
5	111	3	9821	
5	112	1	9821	
5	112	2	9821	
5	112	3	9821	
5	113	1	9821	
5	113	2	9821	
5	113	3	9821	
5	114	1	9821	
5	114	2	9821	
5	114	3	9821	
5	115	1	9821	
5	115	2	9821	
5	115	3	9821	
5	116	1	9821	
5	116	2	9821	
5	116	3	9821	
5	117	1	9821	
5	117	2	9821	
5	117	3	9821	
5	118	1	9821	
5	118	2	9821	
5	118	3	9821	
5	119	1	9821	
5	119	2	9821	
5	119	3	9821	
5	120	1	9821	
5	120	2	9821	
5	120	3	9821	
6	-1	1	0	
6	-1	2	0	
6	-1	3	0	
6	0	1	4949	
6	0	2	4949	
6	0	3	5290	
6	1	1	4714	
6	1	2	4714	
6	1	3	5290	
6	2	1	4528	
6	2	2	4528	
6	2	3	5290	
6	3	1	4388	
6	3	2	4388	
6	3	3	5290	
6	4	1	4291	
6	4	2	4291	
6	4	3	5290	
6	5	1	4235	
6	5	2	4235	
6	5	3	5290	
6	6	1	4217	
6	6	2	4217	
6	6	3	5290	
6	7	1	4252	
6	7	2	4252	
6	7	3	5290	
6	8	1	4353	
6	8	2	4353	
6	8	3	5290	
6	9	1	4514	
6	9	2	4514	
6	9	3	5290	
6	10	1	4728	
6	10	2	4728	
6	10	3	5290	
6	11	1	4989	
6	11	2	4989	
6	11	3	5290	
6	12	1	5290	
6	12	2	5290	
6	12	3	5290	
6	13	1	5625	
6	13	2	5625	
6	13	3	5290	
6	14	1	5988	
6	14	2	5988	
6	14	3	5290	
6	15	1	6372	
6	15	2	6372	
6	15	3	5290	
6	16	1	6771	
6	16	2	6771	
6	16	3	5290	
6	17	1	7178	
6	17	2	7178	
6	17	3	5290	
6	18	1	7678	
6	18	2	7678	
6	18	3	5290	
6	19	1	8322	
6	19	2	8322	
6	19	3	5290	
6	20	1	9054	
6	20	2	9054	
6	20	3	5290	
6	21	1	9821	
6	21	2	9821	
6	21	3	5290	
6	22	1	9821	
6	22	2	9821	
6	22	3	9821	
6	23	1	9821	
6	23	2	9821	
6	23	3	9821	
6	24	1	9821	
6	24	2	9821	
6	24	3	9821	
6	25	1	9821	
6	25	2	9821	
6	25	3	9821	
6	26	1	9821	
6	26	2	9821	
6	26	3	9821	
6	27	1	9821	
6	27	2	9821	
6	27	3	9821	
6	28	1	9821	
6	28	2	9821	
6	28	3	9821	
6	29	1	9821	
6	29	2	9821	
6	29	3	9821	
6	30	1	9821	
6	30	2	9821	
6	30	3	9821	
6	31	1	9821	
6	31	2	9821	
6	31	3	9821	
6	32	1	9821	
6	32	2	9821	
6	32	3	9821	
6	33	1	9821	
6	33	2	9821	
6	33	3	9821	
6	34	1	9821	
6	34	2	9821	
6	34	3	9821	
6	35	1	9821	
6	35	2	9821	
6	35	3	9821	
6	36	1	9821	
6	36	2	9821	
6	36	3	9821	
6	37	1	9821	
6	37	2	9821	
6	37	3	9821	
6	38	1	9821	
6	38	2	9821	
6	38	3	9821	
6	39	1	9821	
6	39	2	9821	
6	39	3	9821	
6	40	1	9821	
6	40	2	9821	
6	40	3	9821	
6	41	1	9821	
6	41	2	9821	
6	41	3	9821	
6	42	1	9821	
6	42	2	9821	
6	42	3	9821	
6	43	1	9821	
6	43	2	9821	
6	43	3	9821	
6	44	1	9821	
6	44	2	9821	
6	44	3	9821	
6	45	1	9821	
6	45	2	9821	
6	45	3	9821	
6	46	1	9821	
6	46	2	9821	
6	46	3	9821	
6	47	1	9821	
6	47	2	9821	
6	47	3	9821	
6	48	1	9821	
6	48	2	9821	
6	48	3	9821	
6	49	1	9821	
6	49	2	9821	
6	49	3	9821	
6	50	1	9821	
6	50	2	9821	
6	50	3	9821	
6	51	1	9821	
6	51	2	9821	
6	51	3	9821	
6	52	1	9821	
6	52	2	9821	
6	52	3	9821	
6	53	1	9821	
6	53	2	9821	
6	53	3	9821	
6	54	1	9821	
6	54	2	9821	
6	54	3	9821	
6	55	1	9821	
6	55	2	9821	
6	55	3	9821	
6	56	1	9821	
6	56	2	9821	
6	56	3	9821	
6	57	1	9821	
6	57	2	9821	
6	57	3	9821	
6	58	1	9821	
6	58	2	9821	
6	58	3	9821	
6	59	1	9821	
6	59	2	9821	
6	59	3	9821	
6	60	1	9821	
6	60	2	9821	
6	60	3	9821	
6	61	1	9821	
6	61	2	9821	
6	61	3	9821	
6	62	1	9821	
6	62	2	9821	
6	62	3	9821	
6	63	1	9821	
6	63	2	9821	
6	63	3	9821	
6	64	1	9821	
6	64	2	9821	
6	64	3	9821	
6	65	1	9821	
6	65	2	9821	
6	65	3	9821	
6	66	1	9821	
6	66	2	9821	
6	66	3	9821	
6	67	1	9821	
6	67	2	9821	
6	67	3	9821	
6	68	1	9821	
6	68	2	9821	
6	68	3	9821	
6	69	1	9821	
6	69	2	9821	
6	69	3	9821	
6	70	1	9821	
6	70	2	9821	
6	70	3	9821	
6	71	1	9821	
6	71	2	9821	
6	71	3	9821	
6	72	1	9821	
6	72	2	9821	
6	72	3	9821	
6	73	1	9821	
6	73	2	9821	
6	73	3	9821	
6	74	1	9821	
6	74	2	9821	
6	74	3	9821	
6	75	1	9821	
6	75	2	9821	
6	75	3	9821	
6	76	1	9821	
6	76	2	9821	
6	76	3	9821	
6	77	1	9821	
6	77	2	9821	
6	77	3	9821	
6	78	1	9821	
6	78	2	9821	
6	78	3	9821	
6	79	1	9821	
6	79	2	9821	
6	79	3	9821	
6	80	1	9821	
6	80	2	9821	
6	80	3	9821	
6	81	1	9821	
6	81	2	9821	
6	81	3	9821	
6	82	1	9821	
6	82	2	9821	
6	82	3	9821	
6	83	1	9821	
6	83	2	9821	
6	83	3	9821	
6	84	1	9821	
6	84	2	9821	
6	84	3	9821	
6	85	1	9821	
6	85	2	9821	
6	85	3	9821	
6	86	1	9821	
6	86	2	9821	
6	86	3	9821	
6	87	1	9821	
6	87	2	9821	
6	87	3	9821	
6	88	1	9821	
6	88	2	9821	
6	88	3	9821	
6	89	1	9821	
6	89	2	9821	
6	89	3	9821	
6	90	1	9821	
6	90	2	9821	
6	90	3	9821	
6	91	1	9821	
6	91	2	9821	
6	91	3	9821	
6	92	1	9821	
6	92	2	9821	
6	92	3	9821	
6	93	1	9821	
6	93	2	9821	
6	93	3	9821	
6	94	1	9821	
6	94	2	9821	
6	94	3	9821	
6	95	1	9821	
6	95	2	9821	
6	95	3	9821	
6	96	1	9821	
6	96	2	9821	
6	96	3	9821	
6	97	1	9821	
6	97	2	9821	
6	97	3	9821	
6	98	1	9821	
6	98	2	9821	
6	98	3	9821	
6	99	1	9821	
6	99	2	9821	
6	99	3	9821	
6	100	1	9821	
6	100	2	9821	
6	100	3	9821	
6	101	1	9821	
6	101	2	9821	
6	101	3	9821	
6	102	1	9821	
6	102	2	9821	
6	102	3	9821	
6	103	1	9821	
6	103	2	9821	
6	103	3	9821	
6	104	1	9821	
6	104	2	9821	
6	104	3	9821	
6	105	1	9821	
6	105	2	9821	
6	105	3	9821	
6	106	1	9821	
6	106	2	9821	
6	106	3	9821	
6	107	1	9821	
6	107	2	9821	
6	107	3	9821	
6	108	1	9821	
6	108	2	9821	
6	108	3	9821	
6	109	1	9821	
6	109	2	9821	
6	109	3	9821	
6	110	1	9821	
6	110	2	9821	
6	110	3	9821	
6	111	1	9821	
6	111	2	9821	
6	111	3	9821	
6	112	1	9821	
6	112	2	9821	
6	112	3	9821	
6	113	1	9821	
6	113	2	9821	
6	113	3	9821	
6	114	1	9821	
6	114	2	9821	
6	114	3	9821	
6	115	1	9821	
6	115	2	9821	
6	115	3	9821	
6	116	1	9821	
6	116	2	9821	
6	116	3	9821	
6	117	1	9821	
6	117	2	9821	
6	117	3	9821	
6	118	1	9821	
6	118	2	9821	
6	118	3	9821	
6	119	1	9821	
6	119	2	9821	
6	119	3	9821	
6	120	1	9821	
6	120	2	9821	
6	120	3	9821	
7	-1	1	0	
7	-1	2	0	
7	-1	3	0	
7	0	1	4949	
7	0	2	4949	
7	0	3	5290	
7	1	1	4714	
7	1	2	4714	
7	1	3	5290	
7	2	1	4528	
7	2	2	4528	
7	2	3	5290	
7	3	1	4388	
7	3	2	4388	
7	3	3	5290	
7	4	1	4291	
7	4	2	4291	
7	4	3	5290	
7	5	1	4235	
7	5	2	4235	
7	5	3	5290	
7	6	1	4217	
7	6	2	4217	
7	6	3	5290	
7	7	1	4252	
7	7	2	4252	
7	7	3	5290	
7	8	1	4353	
7	8	2	4353	
7	8	3	5290	
7	9	1	4514	
7	9	2	4514	
7	9	3	5290	
7	10	1	4728	
7	10	2	4728	
7	10	3	5290	
7	11	1	4989	
7	11	2	4989	
7	11	3	5290	
7	12	1	5290	
7	12	2	5290	
7	12	3	5290	
7	13	1	5625	
7	13	2	5625	
7	13	3	5290	
7	14	1	5988	
7	14	2	5988	
7	14	3	5290	
7	15	1	6372	
7	15	2	6372	
7	15	3	5290	
7	16	1	6771	
7	16	2	6771	
7	16	3	5290	
7	17	1	7178	
7	17	2	7178	
7	17	3	5290	
7	18	1	7678	
7	18	2	7678	
7	18	3	5290	
7	19	1	8322	
7	19	2	8322	
7	19	3	5290	
7	20	1	9054	
7	20	2	9054	
7	20	3	5290	
7	21	1	9821	
7	21	2	9821	
7	21	3	5290	
7	22	1	9821	
7	22	2	9821	
7	22	3	9821	
7	23	1	9821	
7	23	2	9821	
7	23	3	9821	
7	24	1	9821	
7	24	2	9821	
7	24	3	9821	
7	25	1	9821	
7	25	2	9821	
7	25	3	9821	
7	26	1	9821	
7	26	2	9821	
7	26	3	9821	
7	27	1	9821	
7	27	2	9821	
7	27	3	9821	
7	28	1	9821	
7	28	2	9821	
7	28	3	9821	
7	29	1	9821	
7	29	2	9821	
7	29	3	9821	
7	30	1	9821	
7	30	2	9821	
7	30	3	9821	
7	31	1	9821	
7	31	2	9821	
7	31	3	9821	
7	32	1	9821	
7	32	2	9821	
7	32	3	9821	
7	33	1	9821	
7	33	2	9821	
7	33	3	9821	
7	34	1	9821	
7	34	2	9821	
7	34	3	9821	
7	35	1	9821	
7	35	2	9821	
7	35	3	9821	
7	36	1	9821	
7	36	2	9821	
7	36	3	9821	
7	37	1	9821	
7	37	2	9821	
7	37	3	9821	
7	38	1	9821	
7	38	2	9821	
7	38	3	9821	
7	39	1	9821	
7	39	2	9821	
7	39	3	9821	
7	40	1	9821	
7	40	2	9821	
7	40	3	9821	
7	41	1	9821	
7	41	2	9821	
7	41	3	9821	
7	42	1	9821	
7	42	2	9821	
7	42	3	9821	
7	43	1	9821	
7	43	2	9821	
7	43	3	9821	
7	44	1	9821	
7	44	2	9821	
7	44	3	9821	
7	45	1	9821	
7	45	2	9821	
7	45	3	9821	
7	46	1	9821	
7	46	2	9821	
7	46	3	9821	
7	47	1	9821	
7	47	2	9821	
7	47	3	9821	
7	48	1	9821	
7	48	2	9821	
7	48	3	9821	
7	49	1	9821	
7	49	2	9821	
7	49	3	9821	
7	50	1	9821	
7	50	2	9821	
7	50	3	9821	
7	51	1	9821	
7	51	2	9821	
7	51	3	9821	
7	52	1	9821	
7	52	2	9821	
7	52	3	9821	
7	53	1	9821	
7	53	2	9821	
7	53	3	9821	
7	54	1	9821	
7	54	2	9821	
7	54	3	9821	
7	55	1	9821	
7	55	2	9821	
7	55	3	9821	
7	56	1	9821	
7	56	2	9821	
7	56	3	9821	
7	57	1	9821	
7	57	2	9821	
7	57	3	9821	
7	58	1	9821	
7	58	2	9821	
7	58	3	9821	
7	59	1	9821	
7	59	2	9821	
7	59	3	9821	
7	60	1	9821	
7	60	2	9821	
7	60	3	9821	
7	61	1	9821	
7	61	2	9821	
7	61	3	9821	
7	62	1	9821	
7	62	2	9821	
7	62	3	9821	
7	63	1	9821	
7	63	2	9821	
7	63	3	9821	
7	64	1	9821	
7	64	2	9821	
7	64	3	9821	
7	65	1	9821	
7	65	2	9821	
7	65	3	9821	
7	66	1	9821	
7	66	2	9821	
7	66	3	9821	
7	67	1	9821	
7	67	2	9821	
7	67	3	9821	
7	68	1	9821	
7	68	2	9821	
7	68	3	9821	
7	69	1	9821	
7	69	2	9821	
7	69	3	9821	
7	70	1	9821	
7	70	2	9821	
7	70	3	9821	
7	71	1	9821	
7	71	2	9821	
7	71	3	9821	
7	72	1	9821	
7	72	2	9821	
7	72	3	9821	
7	73	1	9821	
7	73	2	9821	
7	73	3	9821	
7	74	1	9821	
7	74	2	9821	
7	74	3	9821	
7	75	1	9821	
7	75	2	9821	
7	75	3	9821	
7	76	1	9821	
7	76	2	9821	
7	76	3	9821	
7	77	1	9821	
7	77	2	9821	
7	77	3	9821	
7	78	1	9821	
7	78	2	9821	
7	78	3	9821	
7	79	1	9821	
7	79	2	9821	
7	79	3	9821	
7	80	1	9821	
7	80	2	9821	
7	80	3	9821	
7	81	1	9821	
7	81	2	9821	
7	81	3	9821	
7	82	1	9821	
7	82	2	9821	
7	82	3	9821	
7	83	1	9821	
7	83	2	9821	
7	83	3	9821	
7	84	1	9821	
7	84	2	9821	
7	84	3	9821	
7	85	1	9821	
7	85	2	9821	
7	85	3	9821	
7	86	1	9821	
7	86	2	9821	
7	86	3	9821	
7	87	1	9821	
7	87	2	9821	
7	87	3	9821	
7	88	1	9821	
7	88	2	9821	
7	88	3	9821	
7	89	1	9821	
7	89	2	9821	
7	89	3	9821	
7	90	1	9821	
7	90	2	9821	
7	90	3	9821	
7	91	1	9821	
7	91	2	9821	
7	91	3	9821	
7	92	1	9821	
7	92	2	9821	
7	92	3	9821	
7	93	1	9821	
7	93	2	9821	
7	93	3	9821	
7	94	1	9821	
7	94	2	9821	
7	94	3	9821	
7	95	1	9821	
7	95	2	9821	
7	95	3	9821	
7	96	1	9821	
7	96	2	9821	
7	96	3	9821	
7	97	1	9821	
7	97	2	9821	
7	97	3	9821	
7	98	1	9821	
7	98	2	9821	
7	98	3	9821	
7	99	1	9821	
7	99	2	9821	
7	99	3	9821	
7	100	1	9821	
7	100	2	9821	
7	100	3	9821	
7	101	1	9821	
7	101	2	9821	
7	101	3	9821	
7	102	1	9821	
7	102	2	9821	
7	102	3	9821	
7	103	1	9821	
7	103	2	9821	
7	103	3	9821	
7	104	1	9821	
7	104	2	9821	
7	104	3	9821	
7	105	1	9821	
7	105	2	9821	
7	105	3	9821	
7	106	1	9821	
7	106	2	9821	
7	106	3	9821	
7	107	1	9821	
7	107	2	9821	
7	107	3	9821	
7	108	1	9821	
7	108	2	9821	
7	108	3	9821	
7	109	1	9821	
7	109	2	9821	
7	109	3	9821	
7	110	1	9821	
7	110	2	9821	
7	110	3	9821	
7	111	1	9821	
7	111	2	9821	
7	111	3	9821	
7	112	1	9821	
7	112	2	9821	
7	112	3	9821	
7	113	1	9821	
7	113	2	9821	
7	113	3	9821	
7	114	1	9821	
7	114	2	9821	
7	114	3	9821	
7	115	1	9821	
7	115	2	9821	
7	115	3	9821	
7	116	1	9821	
7	116	2	9821	
7	116	3	9821	
7	117	1	9821	
7	117	2	9821	
7	117	3	9821	
7	118	1	9821	
7	118	2	9821	
7	118	3	9821	
7	119	1	9821	
7	119	2	9821	
7	119	3	9821	
7	120	1	9821	
7	120	2	9821	
7	120	3	9821	
8	-1	1	0	
8	-1	2	0	
8	-1	3	0	
8	0	1	4949	
8	0	2	4949	
8	0	3	5290	
8	1	1	4714	
8	1	2	4714	
8	1	3	5290	
8	2	1	4528	
8	2	2	4528	
8	2	3	5290	
8	3	1	4388	
8	3	2	4388	
8	3	3	5290	
8	4	1	4291	
8	4	2	4291	
8	4	3	5290	
8	5	1	4235	
8	5	2	4235	
8	5	3	5290	
8	6	1	4217	
8	6	2	4217	
8	6	3	5290	
8	7	1	4252	
8	7	2	4252	
8	7	3	5290	
8	8	1	4353	
8	8	2	4353	
8	8	3	5290	
8	9	1	4514	
8	9	2	4514	
8	9	3	5290	
8	10	1	4728	
8	10	2	4728	
8	10	3	5290	
8	11	1	4989	
8	11	2	4989	
8	11	3	5290	
8	12	1	5290	
8	12	2	5290	
8	12	3	5290	
8	13	1	5625	
8	13	2	5625	
8	13	3	5290	
8	14	1	5988	
8	14	2	5988	
8	14	3	5290	
8	15	1	6372	
8	15	2	6372	
8	15	3	5290	
8	16	1	6771	
8	16	2	6771	
8	16	3	5290	
8	17	1	7178	
8	17	2	7178	
8	17	3	5290	
8	18	1	7678	
8	18	2	7678	
8	18	3	5290	
8	19	1	8322	
8	19	2	8322	
8	19	3	5290	
8	20	1	9054	
8	20	2	9054	
8	20	3	5290	
8	21	1	9821	
8	21	2	9821	
8	21	3	5290	
8	22	1	9821	
8	22	2	9821	
8	22	3	9821	
8	23	1	9821	
8	23	2	9821	
8	23	3	9821	
8	24	1	9821	
8	24	2	9821	
8	24	3	9821	
8	25	1	9821	
8	25	2	9821	
8	25	3	9821	
8	26	1	9821	
8	26	2	9821	
8	26	3	9821	
8	27	1	9821	
8	27	2	9821	
8	27	3	9821	
8	28	1	9821	
8	28	2	9821	
8	28	3	9821	
8	29	1	9821	
8	29	2	9821	
8	29	3	9821	
8	30	1	9821	
8	30	2	9821	
8	30	3	9821	
8	31	1	9821	
8	31	2	9821	
8	31	3	9821	
8	32	1	9821	
8	32	2	9821	
8	32	3	9821	
8	33	1	9821	
8	33	2	9821	
8	33	3	9821	
8	34	1	9821	
8	34	2	9821	
8	34	3	9821	
8	35	1	9821	
8	35	2	9821	
8	35	3	9821	
8	36	1	9821	
8	36	2	9821	
8	36	3	9821	
8	37	1	9821	
8	37	2	9821	
8	37	3	9821	
8	38	1	9821	
8	38	2	9821	
8	38	3	9821	
8	39	1	9821	
8	39	2	9821	
8	39	3	9821	
8	40	1	9821	
8	40	2	9821	
8	40	3	9821	
8	41	1	9821	
8	41	2	9821	
8	41	3	9821	
8	42	1	9821	
8	42	2	9821	
8	42	3	9821	
8	43	1	9821	
8	43	2	9821	
8	43	3	9821	
8	44	1	9821	
8	44	2	9821	
8	44	3	9821	
8	45	1	9821	
8	45	2	9821	
8	45	3	9821	
8	46	1	9821	
8	46	2	9821	
8	46	3	9821	
8	47	1	9821	
8	47	2	9821	
8	47	3	9821	
8	48	1	9821	
8	48	2	9821	
8	48	3	9821	
8	49	1	9821	
8	49	2	9821	
8	49	3	9821	
8	50	1	9821	
8	50	2	9821	
8	50	3	9821	
8	51	1	9821	
8	51	2	9821	
8	51	3	9821	
8	52	1	9821	
8	52	2	9821	
8	52	3	9821	
8	53	1	9821	
8	53	2	9821	
8	53	3	9821	
8	54	1	9821	
8	54	2	9821	
8	54	3	9821	
8	55	1	9821	
8	55	2	9821	
8	55	3	9821	
8	56	1	9821	
8	56	2	9821	
8	56	3	9821	
8	57	1	9821	
8	57	2	9821	
8	57	3	9821	
8	58	1	9821	
8	58	2	9821	
8	58	3	9821	
8	59	1	9821	
8	59	2	9821	
8	59	3	9821	
8	60	1	9821	
8	60	2	9821	
8	60	3	9821	
8	61	1	9821	
8	61	2	9821	
8	61	3	9821	
8	62	1	9821	
8	62	2	9821	
8	62	3	9821	
8	63	1	9821	
8	63	2	9821	
8	63	3	9821	
8	64	1	9821	
8	64	2	9821	
8	64	3	9821	
8	65	1	9821	
8	65	2	9821	
8	65	3	9821	
8	66	1	9821	
8	66	2	9821	
8	66	3	9821	
8	67	1	9821	
8	67	2	9821	
8	67	3	9821	
8	68	1	9821	
8	68	2	9821	
8	68	3	9821	
8	69	1	9821	
8	69	2	9821	
8	69	3	9821	
8	70	1	9821	
8	70	2	9821	
8	70	3	9821	
8	71	1	9821	
8	71	2	9821	
8	71	3	9821	
8	72	1	9821	
8	72	2	9821	
8	72	3	9821	
8	73	1	9821	
8	73	2	9821	
8	73	3	9821	
8	74	1	9821	
8	74	2	9821	
8	74	3	9821	
8	75	1	9821	
8	75	2	9821	
8	75	3	9821	
8	76	1	9821	
8	76	2	9821	
8	76	3	9821	
8	77	1	9821	
8	77	2	9821	
8	77	3	9821	
8	78	1	9821	
8	78	2	9821	
8	78	3	9821	
8	79	1	9821	
8	79	2	9821	
8	79	3	9821	
8	80	1	9821	
8	80	2	9821	
8	80	3	9821	
8	81	1	9821	
8	81	2	9821	
8	81	3	9821	
8	82	1	9821	
8	82	2	9821	
8	82	3	9821	
8	83	1	9821	
8	83	2	9821	
8	83	3	9821	
8	84	1	9821	
8	84	2	9821	
8	84	3	9821	
8	85	1	9821	
8	85	2	9821	
8	85	3	9821	
8	86	1	9821	
8	86	2	9821	
8	86	3	9821	
8	87	1	9821	
8	87	2	9821	
8	87	3	9821	
8	88	1	9821	
8	88	2	9821	
8	88	3	9821	
8	89	1	9821	
8	89	2	9821	
8	89	3	9821	
8	90	1	9821	
8	90	2	9821	
8	90	3	9821	
8	91	1	9821	
8	91	2	9821	
8	91	3	9821	
8	92	1	9821	
8	92	2	9821	
8	92	3	9821	
8	93	1	9821	
8	93	2	9821	
8	93	3	9821	
8	94	1	9821	
8	94	2	9821	
8	94	3	9821	
8	95	1	9821	
8	95	2	9821	
8	95	3	9821	
8	96	1	9821	
8	96	2	9821	
8	96	3	9821	
8	97	1	9821	
8	97	2	9821	
8	97	3	9821	
8	98	1	9821	
8	98	2	9821	
8	98	3	9821	
8	99	1	9821	
8	99	2	9821	
8	99	3	9821	
8	100	1	9821	
8	100	2	9821	
8	100	3	9821	
8	101	1	9821	
8	101	2	9821	
8	101	3	9821	
8	102	1	9821	
8	102	2	9821	
8	102	3	9821	
8	103	1	9821	
8	103	2	9821	
8	103	3	9821	
8	104	1	9821	
8	104	2	9821	
8	104	3	9821	
8	105	1	9821	
8	105	2	9821	
8	105	3	9821	
8	106	1	9821	
8	106	2	9821	
8	106	3	9821	
8	107	1	9821	
8	107	2	9821	
8	107	3	9821	
8	108	1	9821	
8	108	2	9821	
8	108	3	9821	
8	109	1	9821	
8	109	2	9821	
8	109	3	9821	
8	110	1	9821	
8	110	2	9821	
8	110	3	9821	
8	111	1	9821	
8	111	2	9821	
8	111	3	9821	
8	112	1	9821	
8	112	2	9821	
8	112	3	9821	
8	113	1	9821	
8	113	2	9821	
8	113	3	9821	
8	114	1	9821	
8	114	2	9821	
8	114	3	9821	
8	115	1	9821	
8	115	2	9821	
8	115	3	9821	
8	116	1	9821	
8	116	2	9821	
8	116	3	9821	
8	117	1	9821	
8	117	2	9821	
8	117	3	9821	
8	118	1	9821	
8	118	2	9821	
8	118	3	9821	
8	119	1	9821	
8	119	2	9821	
8	119	3	9821	
8	120	1	9821	
8	120	2	9821	
8	120	3	9821	
9	-1	1	0	
9	-1	2	0	
9	-1	3	0	
9	0	1	4949	
9	0	2	4949	
9	0	3	5290	
9	1	1	4714	
9	1	2	4714	
9	1	3	5290	
9	2	1	4528	
9	2	2	4528	
9	2	3	5290	
9	3	1	4388	
9	3	2	4388	
9	3	3	5290	
9	4	1	4291	
9	4	2	4291	
9	4	3	5290	
9	5	1	4235	
9	5	2	4235	
9	5	3	5290	
9	6	1	4217	
9	6	2	4217	
9	6	3	5290	
9	7	1	4252	
9	7	2	4252	
9	7	3	5290	
9	8	1	4353	
9	8	2	4353	
9	8	3	5290	
9	9	1	4514	
9	9	2	4514	
9	9	3	5290	
9	10	1	4728	
9	10	2	4728	
9	10	3	5290	
9	11	1	4989	
9	11	2	4989	
9	11	3	5290	
9	12	1	5290	
9	12	2	5290	
9	12	3	5290	
9	13	1	5625	
9	13	2	5625	
9	13	3	5290	
9	14	1	5988	
9	14	2	5988	
9	14	3	5290	
9	15	1	6372	
9	15	2	6372	
9	15	3	5290	
9	16	1	6771	
9	16	2	6771	
9	16	3	5290	
9	17	1	7178	
9	17	2	7178	
9	17	3	5290	
9	18	1	7678	
9	18	2	7678	
9	18	3	5290	
9	19	1	8322	
9	19	2	8322	
9	19	3	5290	
9	20	1	9054	
9	20	2	9054	
9	20	3	5290	
9	21	1	9821	
9	21	2	9821	
9	21	3	5290	
9	22	1	9821	
9	22	2	9821	
9	22	3	9821	
9	23	1	9821	
9	23	2	9821	
9	23	3	9821	
9	24	1	9821	
9	24	2	9821	
9	24	3	9821	
9	25	1	9821	
9	25	2	9821	
9	25	3	9821	
9	26	1	9821	
9	26	2	9821	
9	26	3	9821	
9	27	1	9821	
9	27	2	9821	
9	27	3	9821	
9	28	1	9821	
9	28	2	9821	
9	28	3	9821	
9	29	1	9821	
9	29	2	9821	
9	29	3	9821	
9	30	1	9821	
9	30	2	9821	
9	30	3	9821	
9	31	1	9821	
9	31	2	9821	
9	31	3	9821	
9	32	1	9821	
9	32	2	9821	
9	32	3	9821	
9	33	1	9821	
9	33	2	9821	
9	33	3	9821	
9	34	1	9821	
9	34	2	9821	
9	34	3	9821	
9	35	1	9821	
9	35	2	9821	
9	35	3	9821	
9	36	1	9821	
9	36	2	9821	
9	36	3	9821	
9	37	1	9821	
9	37	2	9821	
9	37	3	9821	
9	38	1	9821	
9	38	2	9821	
9	38	3	9821	
9	39	1	9821	
9	39	2	9821	
9	39	3	9821	
9	40	1	9821	
9	40	2	9821	
9	40	3	9821	
9	41	1	9821	
9	41	2	9821	
9	41	3	9821	
9	42	1	9821	
9	42	2	9821	
9	42	3	9821	
9	43	1	9821	
9	43	2	9821	
9	43	3	9821	
9	44	1	9821	
9	44	2	9821	
9	44	3	9821	
9	45	1	9821	
9	45	2	9821	
9	45	3	9821	
9	46	1	9821	
9	46	2	9821	
9	46	3	9821	
9	47	1	9821	
9	47	2	9821	
9	47	3	9821	
9	48	1	9821	
9	48	2	9821	
9	48	3	9821	
9	49	1	9821	
9	49	2	9821	
9	49	3	9821	
9	50	1	9821	
9	50	2	9821	
9	50	3	9821	
9	51	1	9821	
9	51	2	9821	
9	51	3	9821	
9	52	1	9821	
9	52	2	9821	
9	52	3	9821	
9	53	1	9821	
9	53	2	9821	
9	53	3	9821	
9	54	1	9821	
9	54	2	9821	
9	54	3	9821	
9	55	1	9821	
9	55	2	9821	
9	55	3	9821	
9	56	1	9821	
9	56	2	9821	
9	56	3	9821	
9	57	1	9821	
9	57	2	9821	
9	57	3	9821	
9	58	1	9821	
9	58	2	9821	
9	58	3	9821	
9	59	1	9821	
9	59	2	9821	
9	59	3	9821	
9	60	1	9821	
9	60	2	9821	
9	60	3	9821	
9	61	1	9821	
9	61	2	9821	
9	61	3	9821	
9	62	1	9821	
9	62	2	9821	
9	62	3	9821	
9	63	1	9821	
9	63	2	9821	
9	63	3	9821	
9	64	1	9821	
9	64	2	9821	
9	64	3	9821	
9	65	1	9821	
9	65	2	9821	
9	65	3	9821	
9	66	1	9821	
9	66	2	9821	
9	66	3	9821	
9	67	1	9821	
9	67	2	9821	
9	67	3	9821	
9	68	1	9821	
9	68	2	9821	
9	68	3	9821	
9	69	1	9821	
9	69	2	9821	
9	69	3	9821	
9	70	1	9821	
9	70	2	9821	
9	70	3	9821	
9	71	1	9821	
9	71	2	9821	
9	71	3	9821	
9	72	1	9821	
9	72	2	9821	
9	72	3	9821	
9	73	1	9821	
9	73	2	9821	
9	73	3	9821	
9	74	1	9821	
9	74	2	9821	
9	74	3	9821	
9	75	1	9821	
9	75	2	9821	
9	75	3	9821	
9	76	1	9821	
9	76	2	9821	
9	76	3	9821	
9	77	1	9821	
9	77	2	9821	
9	77	3	9821	
9	78	1	9821	
9	78	2	9821	
9	78	3	9821	
9	79	1	9821	
9	79	2	9821	
9	79	3	9821	
9	80	1	9821	
9	80	2	9821	
9	80	3	9821	
9	81	1	9821	
9	81	2	9821	
9	81	3	9821	
9	82	1	9821	
9	82	2	9821	
9	82	3	9821	
9	83	1	9821	
9	83	2	9821	
9	83	3	9821	
9	84	1	9821	
9	84	2	9821	
9	84	3	9821	
9	85	1	9821	
9	85	2	9821	
9	85	3	9821	
9	86	1	9821	
9	86	2	9821	
9	86	3	9821	
9	87	1	9821	
9	87	2	9821	
9	87	3	9821	
9	88	1	9821	
9	88	2	9821	
9	88	3	9821	
9	89	1	9821	
9	89	2	9821	
9	89	3	9821	
9	90	1	9821	
9	90	2	9821	
9	90	3	9821	
9	91	1	9821	
9	91	2	9821	
9	91	3	9821	
9	92	1	9821	
9	92	2	9821	
9	92	3	9821	
9	93	1	9821	
9	93	2	9821	
9	93	3	9821	
9	94	1	9821	
9	94	2	9821	
9	94	3	9821	
9	95	1	9821	
9	95	2	9821	
9	95	3	9821	
9	96	1	9821	
9	96	2	9821	
9	96	3	9821	
9	97	1	9821	
9	97	2	9821	
9	97	3	9821	
9	98	1	9821	
9	98	2	9821	
9	98	3	9821	
9	99	1	9821	
9	99	2	9821	
9	99	3	9821	
9	100	1	9821	
9	100	2	9821	
9	100	3	9821	
9	101	1	9821	
9	101	2	9821	
9	101	3	9821	
9	102	1	9821	
9	102	2	9821	
9	102	3	9821	
9	103	1	9821	
9	103	2	9821	
9	103	3	9821	
9	104	1	9821	
9	104	2	9821	
9	104	3	9821	
9	105	1	9821	
9	105	2	9821	
9	105	3	9821	
9	106	1	9821	
9	106	2	9821	
9	106	3	9821	
9	107	1	9821	
9	107	2	9821	
9	107	3	9821	
9	108	1	9821	
9	108	2	9821	
9	108	3	9821	
9	109	1	9821	
9	109	2	9821	
9	109	3	9821	
9	110	1	9821	
9	110	2	9821	
9	110	3	9821	
9	111	1	9821	
9	111	2	9821	
9	111	3	9821	
9	112	1	9821	
9	112	2	9821	
9	112	3	9821	
9	113	1	9821	
9	113	2	9821	
9	113	3	9821	
9	114	1	9821	
9	114	2	9821	
9	114	3	9821	
9	115	1	9821	
9	115	2	9821	
9	115	3	9821	
9	116	1	9821	
9	116	2	9821	
9	116	3	9821	
9	117	1	9821	
9	117	2	9821	
9	117	3	9821	
9	118	1	9821	
9	118	2	9821	
9	118	3	9821	
9	119	1	9821	
9	119	2	9821	
9	119	3	9821	
9	120	1	9821	
9	120	2	9821	
9	120	3	9821	
10	-1	1	0	
10	-1	2	0	
10	-1	3	0	
10	0	1	4949	
10	0	2	4949	
10	0	3	5290	
10	1	1	4714	
10	1	2	4714	
10	1	3	5290	
10	2	1	4528	
10	2	2	4528	
10	2	3	5290	
10	3	1	4388	
10	3	2	4388	
10	3	3	5290	
10	4	1	4291	
10	4	2	4291	
10	4	3	5290	
10	5	1	4235	
10	5	2	4235	
10	5	3	5290	
10	6	1	4217	
10	6	2	4217	
10	6	3	5290	
10	7	1	4252	
10	7	2	4252	
10	7	3	5290	
10	8	1	4353	
10	8	2	4353	
10	8	3	5290	
10	9	1	4514	
10	9	2	4514	
10	9	3	5290	
10	10	1	4728	
10	10	2	4728	
10	10	3	5290	
10	11	1	4989	
10	11	2	4989	
10	11	3	5290	
10	12	1	5290	
10	12	2	5290	
10	12	3	5290	
10	13	1	5625	
10	13	2	5625	
10	13	3	5290	
10	14	1	5988	
10	14	2	5988	
10	14	3	5290	
10	15	1	6372	
10	15	2	6372	
10	15	3	5290	
10	16	1	6771	
10	16	2	6771	
10	16	3	5290	
10	17	1	7178	
10	17	2	7178	
10	17	3	5290	
10	18	1	7678	
10	18	2	7678	
10	18	3	5290	
10	19	1	8322	
10	19	2	8322	
10	19	3	5290	
10	20	1	9054	
10	20	2	9054	
10	20	3	5290	
10	21	1	9821	
10	21	2	9821	
10	21	3	5290	
10	22	1	9821	
10	22	2	9821	
10	22	3	9821	
10	23	1	9821	
10	23	2	9821	
10	23	3	9821	
10	24	1	9821	
10	24	2	9821	
10	24	3	9821	
10	25	1	9821	
10	25	2	9821	
10	25	3	9821	
10	26	1	9821	
10	26	2	9821	
10	26	3	9821	
10	27	1	9821	
10	27	2	9821	
10	27	3	9821	
10	28	1	9821	
10	28	2	9821	
10	28	3	9821	
10	29	1	9821	
10	29	2	9821	
10	29	3	9821	
10	30	1	9821	
10	30	2	9821	
10	30	3	9821	
10	31	1	9821	
10	31	2	9821	
10	31	3	9821	
10	32	1	9821	
10	32	2	9821	
10	32	3	9821	
10	33	1	9821	
10	33	2	9821	
10	33	3	9821	
10	34	1	9821	
10	34	2	9821	
10	34	3	9821	
10	35	1	9821	
10	35	2	9821	
10	35	3	9821	
10	36	1	9821	
10	36	2	9821	
10	36	3	9821	
10	37	1	9821	
10	37	2	9821	
10	37	3	9821	
10	38	1	9821	
10	38	2	9821	
10	38	3	9821	
10	39	1	9821	
10	39	2	9821	
10	39	3	9821	
10	40	1	9821	
10	40	2	9821	
10	40	3	9821	
10	41	1	9821	
10	41	2	9821	
10	41	3	9821	
10	42	1	9821	
10	42	2	9821	
10	42	3	9821	
10	43	1	9821	
10	43	2	9821	
10	43	3	9821	
10	44	1	9821	
10	44	2	9821	
10	44	3	9821	
10	45	1	9821	
10	45	2	9821	
10	45	3	9821	
10	46	1	9821	
10	46	2	9821	
10	46	3	9821	
10	47	1	9821	
10	47	2	9821	
10	47	3	9821	
10	48	1	9821	
10	48	2	9821	
10	48	3	9821	
10	49	1	9821	
10	49	2	9821	
10	49	3	9821	
10	50	1	9821	
10	50	2	9821	
10	50	3	9821	
10	51	1	9821	
10	51	2	9821	
10	51	3	9821	
10	52	1	9821	
10	52	2	9821	
10	52	3	9821	
10	53	1	9821	
10	53	2	9821	
10	53	3	9821	
10	54	1	9821	
10	54	2	9821	
10	54	3	9821	
10	55	1	9821	
10	55	2	9821	
10	55	3	9821	
10	56	1	9821	
10	56	2	9821	
10	56	3	9821	
10	57	1	9821	
10	57	2	9821	
10	57	3	9821	
10	58	1	9821	
10	58	2	9821	
10	58	3	9821	
10	59	1	9821	
10	59	2	9821	
10	59	3	9821	
10	60	1	9821	
10	60	2	9821	
10	60	3	9821	
10	61	1	9821	
10	61	2	9821	
10	61	3	9821	
10	62	1	9821	
10	62	2	9821	
10	62	3	9821	
10	63	1	9821	
10	63	2	9821	
10	63	3	9821	
10	64	1	9821	
10	64	2	9821	
10	64	3	9821	
10	65	1	9821	
10	65	2	9821	
10	65	3	9821	
10	66	1	9821	
10	66	2	9821	
10	66	3	9821	
10	67	1	9821	
10	67	2	9821	
10	67	3	9821	
10	68	1	9821	
10	68	2	9821	
10	68	3	9821	
10	69	1	9821	
10	69	2	9821	
10	69	3	9821	
10	70	1	9821	
10	70	2	9821	
10	70	3	9821	
10	71	1	9821	
10	71	2	9821	
10	71	3	9821	
10	72	1	9821	
10	72	2	9821	
10	72	3	9821	
10	73	1	9821	
10	73	2	9821	
10	73	3	9821	
10	74	1	9821	
10	74	2	9821	
10	74	3	9821	
10	75	1	9821	
10	75	2	9821	
10	75	3	9821	
10	76	1	9821	
10	76	2	9821	
10	76	3	9821	
10	77	1	9821	
10	77	2	9821	
10	77	3	9821	
10	78	1	9821	
10	78	2	9821	
10	78	3	9821	
10	79	1	9821	
10	79	2	9821	
10	79	3	9821	
10	80	1	9821	
10	80	2	9821	
10	80	3	9821	
10	81	1	9821	
10	81	2	9821	
10	81	3	9821	
10	82	1	9821	
10	82	2	9821	
10	82	3	9821	
10	83	1	9821	
10	83	2	9821	
10	83	3	9821	
10	84	1	9821	
10	84	2	9821	
10	84	3	9821	
10	85	1	9821	
10	85	2	9821	
10	85	3	9821	
10	86	1	9821	
10	86	2	9821	
10	86	3	9821	
10	87	1	9821	
10	87	2	9821	
10	87	3	9821	
10	88	1	9821	
10	88	2	9821	
10	88	3	9821	
10	89	1	9821	
10	89	2	9821	
10	89	3	9821	
10	90	1	9821	
10	90	2	9821	
10	90	3	9821	
10	91	1	9821	
10	91	2	9821	
10	91	3	9821	
10	92	1	9821	
10	92	2	9821	
10	92	3	9821	
10	93	1	9821	
10	93	2	9821	
10	93	3	9821	
10	94	1	9821	
10	94	2	9821	
10	94	3	9821	
10	95	1	9821	
10	95	2	9821	
10	95	3	9821	
10	96	1	9821	
10	96	2	9821	
10	96	3	9821	
10	97	1	9821	
10	97	2	9821	
10	97	3	9821	
10	98	1	9821	
10	98	2	9821	
10	98	3	9821	
10	99	1	9821	
10	99	2	9821	
10	99	3	9821	
10	100	1	9821	
10	100	2	9821	
10	100	3	9821	
10	101	1	9821	
10	101	2	9821	
10	101	3	9821	
10	102	1	9821	
10	102	2	9821	
10	102	3	9821	
10	103	1	9821	
10	103	2	9821	
10	103	3	9821	
10	104	1	9821	
10	104	2	9821	
10	104	3	9821	
10	105	1	9821	
10	105	2	9821	
10	105	3	9821	
10	106	1	9821	
10	106	2	9821	
10	106	3	9821	
10	107	1	9821	
10	107	2	9821	
10	107	3	9821	
10	108	1	9821	
10	108	2	9821	
10	108	3	9821	
10	109	1	9821	
10	109	2	9821	
10	109	3	9821	
10	110	1	9821	
10	110	2	9821	
10	110	3	9821	
10	111	1	9821	
10	111	2	9821	
10	111	3	9821	
10	112	1	9821	
10	112	2	9821	
10	112	3	9821	
10	113	1	9821	
10	113	2	9821	
10	113	3	9821	
10	114	1	9821	
10	114	2	9821	
10	114	3	9821	
10	115	1	9821	
10	115	2	9821	
10	115	3	9821	
10	116	1	9821	
10	116	2	9821	
10	116	3	9821	
10	117	1	9821	
10	117	2	9821	
10	117	3	9821	
10	118	1	9821	
10	118	2	9821	
10	118	3	9821	
10	119	1	9821	
10	119	2	9821	
10	119	3	9821	
10	120	1	9821	
10	120	2	9821	
10	120	3	9821	
11	-1	1	0	
11	-1	2	0	
11	-1	3	0	
11	0	1	4949	
11	0	2	4949	
11	0	3	5290	
11	1	1	4714	
11	1	2	4714	
11	1	3	5290	
11	2	1	4528	
11	2	2	4528	
11	2	3	5290	
11	3	1	4388	
11	3	2	4388	
11	3	3	5290	
11	4	1	4291	
11	4	2	4291	
11	4	3	5290	
11	5	1	4235	
11	5	2	4235	
11	5	3	5290	
11	6	1	4217	
11	6	2	4217	
11	6	3	5290	
11	7	1	4252	
11	7	2	4252	
11	7	3	5290	
11	8	1	4353	
11	8	2	4353	
11	8	3	5290	
11	9	1	4514	
11	9	2	4514	
11	9	3	5290	
11	10	1	4728	
11	10	2	4728	
11	10	3	5290	
11	11	1	4989	
11	11	2	4989	
11	11	3	5290	
11	12	1	5290	
11	12	2	5290	
11	12	3	5290	
11	13	1	5625	
11	13	2	5625	
11	13	3	5290	
11	14	1	5988	
11	14	2	5988	
11	14	3	5290	
11	15	1	6372	
11	15	2	6372	
11	15	3	5290	
11	16	1	6771	
11	16	2	6771	
11	16	3	5290	
11	17	1	7178	
11	17	2	7178	
11	17	3	5290	
11	18	1	7678	
11	18	2	7678	
11	18	3	5290	
11	19	1	8322	
11	19	2	8322	
11	19	3	5290	
11	20	1	9054	
11	20	2	9054	
11	20	3	5290	
11	21	1	9821	
11	21	2	9821	
11	21	3	5290	
11	22	1	9821	
11	22	2	9821	
11	22	3	9821	
11	23	1	9821	
11	23	2	9821	
11	23	3	9821	
11	24	1	9821	
11	24	2	9821	
11	24	3	9821	
11	25	1	9821	
11	25	2	9821	
11	25	3	9821	
11	26	1	9821	
11	26	2	9821	
11	26	3	9821	
11	27	1	9821	
11	27	2	9821	
11	27	3	9821	
11	28	1	9821	
11	28	2	9821	
11	28	3	9821	
11	29	1	9821	
11	29	2	9821	
11	29	3	9821	
11	30	1	9821	
11	30	2	9821	
11	30	3	9821	
11	31	1	9821	
11	31	2	9821	
11	31	3	9821	
11	32	1	9821	
11	32	2	9821	
11	32	3	9821	
11	33	1	9821	
11	33	2	9821	
11	33	3	9821	
11	34	1	9821	
11	34	2	9821	
11	34	3	9821	
11	35	1	9821	
11	35	2	9821	
11	35	3	9821	
11	36	1	9821	
11	36	2	9821	
11	36	3	9821	
11	37	1	9821	
11	37	2	9821	
11	37	3	9821	
11	38	1	9821	
11	38	2	9821	
11	38	3	9821	
11	39	1	9821	
11	39	2	9821	
11	39	3	9821	
11	40	1	9821	
11	40	2	9821	
11	40	3	9821	
11	41	1	9821	
11	41	2	9821	
11	41	3	9821	
11	42	1	9821	
11	42	2	9821	
11	42	3	9821	
11	43	1	9821	
11	43	2	9821	
11	43	3	9821	
11	44	1	9821	
11	44	2	9821	
11	44	3	9821	
11	45	1	9821	
11	45	2	9821	
11	45	3	9821	
11	46	1	9821	
11	46	2	9821	
11	46	3	9821	
11	47	1	9821	
11	47	2	9821	
11	47	3	9821	
11	48	1	9821	
11	48	2	9821	
11	48	3	9821	
11	49	1	9821	
11	49	2	9821	
11	49	3	9821	
11	50	1	9821	
11	50	2	9821	
11	50	3	9821	
11	51	1	9821	
11	51	2	9821	
11	51	3	9821	
11	52	1	9821	
11	52	2	9821	
11	52	3	9821	
11	53	1	9821	
11	53	2	9821	
11	53	3	9821	
11	54	1	9821	
11	54	2	9821	
11	54	3	9821	
11	55	1	9821	
11	55	2	9821	
11	55	3	9821	
11	56	1	9821	
11	56	2	9821	
11	56	3	9821	
11	57	1	9821	
11	57	2	9821	
11	57	3	9821	
11	58	1	9821	
11	58	2	9821	
11	58	3	9821	
11	59	1	9821	
11	59	2	9821	
11	59	3	9821	
11	60	1	9821	
11	60	2	9821	
11	60	3	9821	
11	61	1	9821	
11	61	2	9821	
11	61	3	9821	
11	62	1	9821	
11	62	2	9821	
11	62	3	9821	
11	63	1	9821	
11	63	2	9821	
11	63	3	9821	
11	64	1	9821	
11	64	2	9821	
11	64	3	9821	
11	65	1	9821	
11	65	2	9821	
11	65	3	9821	
11	66	1	9821	
11	66	2	9821	
11	66	3	9821	
11	67	1	9821	
11	67	2	9821	
11	67	3	9821	
11	68	1	9821	
11	68	2	9821	
11	68	3	9821	
11	69	1	9821	
11	69	2	9821	
11	69	3	9821	
11	70	1	9821	
11	70	2	9821	
11	70	3	9821	
11	71	1	9821	
11	71	2	9821	
11	71	3	9821	
11	72	1	9821	
11	72	2	9821	
11	72	3	9821	
11	73	1	9821	
11	73	2	9821	
11	73	3	9821	
11	74	1	9821	
11	74	2	9821	
11	74	3	9821	
11	75	1	9821	
11	75	2	9821	
11	75	3	9821	
11	76	1	9821	
11	76	2	9821	
11	76	3	9821	
11	77	1	9821	
11	77	2	9821	
11	77	3	9821	
11	78	1	9821	
11	78	2	9821	
11	78	3	9821	
11	79	1	9821	
11	79	2	9821	
11	79	3	9821	
11	80	1	9821	
11	80	2	9821	
11	80	3	9821	
11	81	1	9821	
11	81	2	9821	
11	81	3	9821	
11	82	1	9821	
11	82	2	9821	
11	82	3	9821	
11	83	1	9821	
11	83	2	9821	
11	83	3	9821	
11	84	1	9821	
11	84	2	9821	
11	84	3	9821	
11	85	1	9821	
11	85	2	9821	
11	85	3	9821	
11	86	1	9821	
11	86	2	9821	
11	86	3	9821	
11	87	1	9821	
11	87	2	9821	
11	87	3	9821	
11	88	1	9821	
11	88	2	9821	
11	88	3	9821	
11	89	1	9821	
11	89	2	9821	
11	89	3	9821	
11	90	1	9821	
11	90	2	9821	
11	90	3	9821	
11	91	1	9821	
11	91	2	9821	
11	91	3	9821	
11	92	1	9821	
11	92	2	9821	
11	92	3	9821	
11	93	1	9821	
11	93	2	9821	
11	93	3	9821	
11	94	1	9821	
11	94	2	9821	
11	94	3	9821	
11	95	1	9821	
11	95	2	9821	
11	95	3	9821	
11	96	1	9821	
11	96	2	9821	
11	96	3	9821	
11	97	1	9821	
11	97	2	9821	
11	97	3	9821	
11	98	1	9821	
11	98	2	9821	
11	98	3	9821	
11	99	1	9821	
11	99	2	9821	
11	99	3	9821	
11	100	1	9821	
11	100	2	9821	
11	100	3	9821	
11	101	1	9821	
11	101	2	9821	
11	101	3	9821	
11	102	1	9821	
11	102	2	9821	
11	102	3	9821	
11	103	1	9821	
11	103	2	9821	
11	103	3	9821	
11	104	1	9821	
11	104	2	9821	
11	104	3	9821	
11	105	1	9821	
11	105	2	9821	
11	105	3	9821	
11	106	1	9821	
11	106	2	9821	
11	106	3	9821	
11	107	1	9821	
11	107	2	9821	
11	107	3	9821	
11	108	1	9821	
11	108	2	9821	
11	108	3	9821	
11	109	1	9821	
11	109	2	9821	
11	109	3	9821	
11	110	1	9821	
11	110	2	9821	
11	110	3	9821	
11	111	1	9821	
11	111	2	9821	
11	111	3	9821	
11	112	1	9821	
11	112	2	9821	
11	112	3	9821	
11	113	1	9821	
11	113	2	9821	
11	113	3	9821	
11	114	1	9821	
11	114	2	9821	
11	114	3	9821	
11	115	1	9821	
11	115	2	9821	
11	115	3	9821	
11	116	1	9821	
11	116	2	9821	
11	116	3	9821	
11	117	1	9821	
11	117	2	9821	
11	117	3	9821	
11	118	1	9821	
11	118	2	9821	
11	118	3	9821	
11	119	1	9821	
11	119	2	9821	
11	119	3	9821	
11	120	1	9821	
11	120	2	9821	
11	120	3	9821	
12	-1	1	0	
12	-1	2	0	
12	-1	3	0	
12	0	1	4949	
12	0	2	4949	
12	0	3	5290	
12	1	1	4714	
12	1	2	4714	
12	1	3	5290	
12	2	1	4528	
12	2	2	4528	
12	2	3	5290	
12	3	1	4388	
12	3	2	4388	
12	3	3	5290	
12	4	1	4291	
12	4	2	4291	
12	4	3	5290	
12	5	1	4235	
12	5	2	4235	
12	5	3	5290	
12	6	1	4217	
12	6	2	4217	
12	6	3	5290	
12	7	1	4252	
12	7	2	4252	
12	7	3	5290	
12	8	1	4353	
12	8	2	4353	
12	8	3	5290	
12	9	1	4514	
12	9	2	4514	
12	9	3	5290	
12	10	1	4728	
12	10	2	4728	
12	10	3	5290	
12	11	1	4989	
12	11	2	4989	
12	11	3	5290	
12	12	1	5290	
12	12	2	5290	
12	12	3	5290	
12	13	1	5625	
12	13	2	5625	
12	13	3	5290	
12	14	1	5988	
12	14	2	5988	
12	14	3	5290	
12	15	1	6372	
12	15	2	6372	
12	15	3	5290	
12	16	1	6771	
12	16	2	6771	
12	16	3	5290	
12	17	1	7178	
12	17	2	7178	
12	17	3	5290	
12	18	1	7678	
12	18	2	7678	
12	18	3	5290	
12	19	1	8322	
12	19	2	8322	
12	19	3	5290	
12	20	1	9054	
12	20	2	9054	
12	20	3	5290	
12	21	1	9821	
12	21	2	9821	
12	21	3	5290	
12	22	1	9821	
12	22	2	9821	
12	22	3	9821	
12	23	1	9821	
12	23	2	9821	
12	23	3	9821	
12	24	1	9821	
12	24	2	9821	
12	24	3	9821	
12	25	1	9821	
12	25	2	9821	
12	25	3	9821	
12	26	1	9821	
12	26	2	9821	
12	26	3	9821	
12	27	1	9821	
12	27	2	9821	
12	27	3	9821	
12	28	1	9821	
12	28	2	9821	
12	28	3	9821	
12	29	1	9821	
12	29	2	9821	
12	29	3	9821	
12	30	1	9821	
12	30	2	9821	
12	30	3	9821	
12	31	1	9821	
12	31	2	9821	
12	31	3	9821	
12	32	1	9821	
12	32	2	9821	
12	32	3	9821	
12	33	1	9821	
12	33	2	9821	
12	33	3	9821	
12	34	1	9821	
12	34	2	9821	
12	34	3	9821	
12	35	1	9821	
12	35	2	9821	
12	35	3	9821	
12	36	1	9821	
12	36	2	9821	
12	36	3	9821	
12	37	1	9821	
12	37	2	9821	
12	37	3	9821	
12	38	1	9821	
12	38	2	9821	
12	38	3	9821	
12	39	1	9821	
12	39	2	9821	
12	39	3	9821	
12	40	1	9821	
12	40	2	9821	
12	40	3	9821	
12	41	1	9821	
12	41	2	9821	
12	41	3	9821	
12	42	1	9821	
12	42	2	9821	
12	42	3	9821	
12	43	1	9821	
12	43	2	9821	
12	43	3	9821	
12	44	1	9821	
12	44	2	9821	
12	44	3	9821	
12	45	1	9821	
12	45	2	9821	
12	45	3	9821	
12	46	1	9821	
12	46	2	9821	
12	46	3	9821	
12	47	1	9821	
12	47	2	9821	
12	47	3	9821	
12	48	1	9821	
12	48	2	9821	
12	48	3	9821	
12	49	1	9821	
12	49	2	9821	
12	49	3	9821	
12	50	1	9821	
12	50	2	9821	
12	50	3	9821	
12	51	1	9821	
12	51	2	9821	
12	51	3	9821	
12	52	1	9821	
12	52	2	9821	
12	52	3	9821	
12	53	1	9821	
12	53	2	9821	
12	53	3	9821	
12	54	1	9821	
12	54	2	9821	
12	54	3	9821	
12	55	1	9821	
12	55	2	9821	
12	55	3	9821	
12	56	1	9821	
12	56	2	9821	
12	56	3	9821	
12	57	1	9821	
12	57	2	9821	
12	57	3	9821	
12	58	1	9821	
12	58	2	9821	
12	58	3	9821	
12	59	1	9821	
12	59	2	9821	
12	59	3	9821	
12	60	1	9821	
12	60	2	9821	
12	60	3	9821	
12	61	1	9821	
12	61	2	9821	
12	61	3	9821	
12	62	1	9821	
12	62	2	9821	
12	62	3	9821	
12	63	1	9821	
12	63	2	9821	
12	63	3	9821	
12	64	1	9821	
12	64	2	9821	
12	64	3	9821	
12	65	1	9821	
12	65	2	9821	
12	65	3	9821	
12	66	1	9821	
12	66	2	9821	
12	66	3	9821	
12	67	1	9821	
12	67	2	9821	
12	67	3	9821	
12	68	1	9821	
12	68	2	9821	
12	68	3	9821	
12	69	1	9821	
12	69	2	9821	
12	69	3	9821	
12	70	1	9821	
12	70	2	9821	
12	70	3	9821	
12	71	1	9821	
12	71	2	9821	
12	71	3	9821	
12	72	1	9821	
12	72	2	9821	
12	72	3	9821	
12	73	1	9821	
12	73	2	9821	
12	73	3	9821	
12	74	1	9821	
12	74	2	9821	
12	74	3	9821	
12	75	1	9821	
12	75	2	9821	
12	75	3	9821	
12	76	1	9821	
12	76	2	9821	
12	76	3	9821	
12	77	1	9821	
12	77	2	9821	
12	77	3	9821	
12	78	1	9821	
12	78	2	9821	
12	78	3	9821	
12	79	1	9821	
12	79	2	9821	
12	79	3	9821	
12	80	1	9821	
12	80	2	9821	
12	80	3	9821	
12	81	1	9821	
12	81	2	9821	
12	81	3	9821	
12	82	1	9821	
12	82	2	9821	
12	82	3	9821	
12	83	1	9821	
12	83	2	9821	
12	83	3	9821	
12	84	1	9821	
12	84	2	9821	
12	84	3	9821	
12	85	1	9821	
12	85	2	9821	
12	85	3	9821	
12	86	1	9821	
12	86	2	9821	
12	86	3	9821	
12	87	1	9821	
12	87	2	9821	
12	87	3	9821	
12	88	1	9821	
12	88	2	9821	
12	88	3	9821	
12	89	1	9821	
12	89	2	9821	
12	89	3	9821	
12	90	1	9821	
12	90	2	9821	
12	90	3	9821	
12	91	1	9821	
12	91	2	9821	
12	91	3	9821	
12	92	1	9821	
12	92	2	9821	
12	92	3	9821	
12	93	1	9821	
12	93	2	9821	
12	93	3	9821	
12	94	1	9821	
12	94	2	9821	
12	94	3	9821	
12	95	1	9821	
12	95	2	9821	
12	95	3	9821	
12	96	1	9821	
12	96	2	9821	
12	96	3	9821	
12	97	1	9821	
12	97	2	9821	
12	97	3	9821	
12	98	1	9821	
12	98	2	9821	
12	98	3	9821	
12	99	1	9821	
12	99	2	9821	
12	99	3	9821	
12	100	1	9821	
12	100	2	9821	
12	100	3	9821	
12	101	1	9821	
12	101	2	9821	
12	101	3	9821	
12	102	1	9821	
12	102	2	9821	
12	102	3	9821	
12	103	1	9821	
12	103	2	9821	
12	103	3	9821	
12	104	1	9821	
12	104	2	9821	
12	104	3	9821	
12	105	1	9821	
12	105	2	9821	
12	105	3	9821	
12	106	1	9821	
12	106	2	9821	
12	106	3	9821	
12	107	1	9821	
12	107	2	9821	
12	107	3	9821	
12	108	1	9821	
12	108	2	9821	
12	108	3	9821	
12	109	1	9821	
12	109	2	9821	
12	109	3	9821	
12	110	1	9821	
12	110	2	9821	
12	110	3	9821	
12	111	1	9821	
12	111	2	9821	
12	111	3	9821	
12	112	1	9821	
12	112	2	9821	
12	112	3	9821	
12	113	1	9821	
12	113	2	9821	
12	113	3	9821	
12	114	1	9821	
12	114	2	9821	
12	114	3	9821	
12	115	1	9821	
12	115	2	9821	
12	115	3	9821	
12	116	1	9821	
12	116	2	9821	
12	116	3	9821	
12	117	1	9821	
12	117	2	9821	
12	117	3	9821	
12	118	1	9821	
12	118	2	9821	
12	118	3	9821	
12	119	1	9821	
12	119	2	9821	
12	119	3	9821	
12	120	1	9821	
12	120	2	9821	
12	120	3	9821	
13	-1	1	0	
13	-1	2	0	
13	-1	3	0	
13	0	1	4949	
13	0	2	4949	
13	0	3	5290	
13	1	1	4714	
13	1	2	4714	
13	1	3	5290	
13	2	1	4528	
13	2	2	4528	
13	2	3	5290	
13	3	1	4388	
13	3	2	4388	
13	3	3	5290	
13	4	1	4291	
13	4	2	4291	
13	4	3	5290	
13	5	1	4235	
13	5	2	4235	
13	5	3	5290	
13	6	1	4217	
13	6	2	4217	
13	6	3	5290	
13	7	1	4252	
13	7	2	4252	
13	7	3	5290	
13	8	1	4353	
13	8	2	4353	
13	8	3	5290	
13	9	1	4514	
13	9	2	4514	
13	9	3	5290	
13	10	1	4728	
13	10	2	4728	
13	10	3	5290	
13	11	1	4989	
13	11	2	4989	
13	11	3	5290	
13	12	1	5290	
13	12	2	5290	
13	12	3	5290	
13	13	1	5625	
13	13	2	5625	
13	13	3	5290	
13	14	1	5988	
13	14	2	5988	
13	14	3	5290	
13	15	1	6372	
13	15	2	6372	
13	15	3	5290	
13	16	1	6771	
13	16	2	6771	
13	16	3	5290	
13	17	1	7178	
13	17	2	7178	
13	17	3	5290	
13	18	1	7678	
13	18	2	7678	
13	18	3	5290	
13	19	1	8322	
13	19	2	8322	
13	19	3	5290	
13	20	1	9054	
13	20	2	9054	
13	20	3	5290	
13	21	1	9821	
13	21	2	9821	
13	21	3	5290	
13	22	1	9821	
13	22	2	9821	
13	22	3	9821	
13	23	1	9821	
13	23	2	9821	
13	23	3	9821	
13	24	1	9821	
13	24	2	9821	
13	24	3	9821	
13	25	1	9821	
13	25	2	9821	
13	25	3	9821	
13	26	1	9821	
13	26	2	9821	
13	26	3	9821	
13	27	1	9821	
13	27	2	9821	
13	27	3	9821	
13	28	1	9821	
13	28	2	9821	
13	28	3	9821	
13	29	1	9821	
13	29	2	9821	
13	29	3	9821	
13	30	1	9821	
13	30	2	9821	
13	30	3	9821	
13	31	1	9821	
13	31	2	9821	
13	31	3	9821	
13	32	1	9821	
13	32	2	9821	
13	32	3	9821	
13	33	1	9821	
13	33	2	9821	
13	33	3	9821	
13	34	1	9821	
13	34	2	9821	
13	34	3	9821	
13	35	1	9821	
13	35	2	9821	
13	35	3	9821	
13	36	1	9821	
13	36	2	9821	
13	36	3	9821	
13	37	1	9821	
13	37	2	9821	
13	37	3	9821	
13	38	1	9821	
13	38	2	9821	
13	38	3	9821	
13	39	1	9821	
13	39	2	9821	
13	39	3	9821	
13	40	1	9821	
13	40	2	9821	
13	40	3	9821	
13	41	1	9821	
13	41	2	9821	
13	41	3	9821	
13	42	1	9821	
13	42	2	9821	
13	42	3	9821	
13	43	1	9821	
13	43	2	9821	
13	43	3	9821	
13	44	1	9821	
13	44	2	9821	
13	44	3	9821	
13	45	1	9821	
13	45	2	9821	
13	45	3	9821	
13	46	1	9821	
13	46	2	9821	
13	46	3	9821	
13	47	1	9821	
13	47	2	9821	
13	47	3	9821	
13	48	1	9821	
13	48	2	9821	
13	48	3	9821	
13	49	1	9821	
13	49	2	9821	
13	49	3	9821	
13	50	1	9821	
13	50	2	9821	
13	50	3	9821	
13	51	1	9821	
13	51	2	9821	
13	51	3	9821	
13	52	1	9821	
13	52	2	9821	
13	52	3	9821	
13	53	1	9821	
13	53	2	9821	
13	53	3	9821	
13	54	1	9821	
13	54	2	9821	
13	54	3	9821	
13	55	1	9821	
13	55	2	9821	
13	55	3	9821	
13	56	1	9821	
13	56	2	9821	
13	56	3	9821	
13	57	1	9821	
13	57	2	9821	
13	57	3	9821	
13	58	1	9821	
13	58	2	9821	
13	58	3	9821	
13	59	1	9821	
13	59	2	9821	
13	59	3	9821	
13	60	1	9821	
13	60	2	9821	
13	60	3	9821	
13	61	1	9821	
13	61	2	9821	
13	61	3	9821	
13	62	1	9821	
13	62	2	9821	
13	62	3	9821	
13	63	1	9821	
13	63	2	9821	
13	63	3	9821	
13	64	1	9821	
13	64	2	9821	
13	64	3	9821	
13	65	1	9821	
13	65	2	9821	
13	65	3	9821	
13	66	1	9821	
13	66	2	9821	
13	66	3	9821	
13	67	1	9821	
13	67	2	9821	
13	67	3	9821	
13	68	1	9821	
13	68	2	9821	
13	68	3	9821	
13	69	1	9821	
13	69	2	9821	
13	69	3	9821	
13	70	1	9821	
13	70	2	9821	
13	70	3	9821	
13	71	1	9821	
13	71	2	9821	
13	71	3	9821	
13	72	1	9821	
13	72	2	9821	
13	72	3	9821	
13	73	1	9821	
13	73	2	9821	
13	73	3	9821	
13	74	1	9821	
13	74	2	9821	
13	74	3	9821	
13	75	1	9821	
13	75	2	9821	
13	75	3	9821	
13	76	1	9821	
13	76	2	9821	
13	76	3	9821	
13	77	1	9821	
13	77	2	9821	
13	77	3	9821	
13	78	1	9821	
13	78	2	9821	
13	78	3	9821	
13	79	1	9821	
13	79	2	9821	
13	79	3	9821	
13	80	1	9821	
13	80	2	9821	
13	80	3	9821	
13	81	1	9821	
13	81	2	9821	
13	81	3	9821	
13	82	1	9821	
13	82	2	9821	
13	82	3	9821	
13	83	1	9821	
13	83	2	9821	
13	83	3	9821	
13	84	1	9821	
13	84	2	9821	
13	84	3	9821	
13	85	1	9821	
13	85	2	9821	
13	85	3	9821	
13	86	1	9821	
13	86	2	9821	
13	86	3	9821	
13	87	1	9821	
13	87	2	9821	
13	87	3	9821	
13	88	1	9821	
13	88	2	9821	
13	88	3	9821	
13	89	1	9821	
13	89	2	9821	
13	89	3	9821	
13	90	1	9821	
13	90	2	9821	
13	90	3	9821	
13	91	1	9821	
13	91	2	9821	
13	91	3	9821	
13	92	1	9821	
13	92	2	9821	
13	92	3	9821	
13	93	1	9821	
13	93	2	9821	
13	93	3	9821	
13	94	1	9821	
13	94	2	9821	
13	94	3	9821	
13	95	1	9821	
13	95	2	9821	
13	95	3	9821	
13	96	1	9821	
13	96	2	9821	
13	96	3	9821	
13	97	1	9821	
13	97	2	9821	
13	97	3	9821	
13	98	1	9821	
13	98	2	9821	
13	98	3	9821	
13	99	1	9821	
13	99	2	9821	
13	99	3	9821	
13	100	1	9821	
13	100	2	9821	
13	100	3	9821	
13	101	1	9821	
13	101	2	9821	
13	101	3	9821	
13	102	1	9821	
13	102	2	9821	
13	102	3	9821	
13	103	1	9821	
13	103	2	9821	
13	103	3	9821	
13	104	1	9821	
13	104	2	9821	
13	104	3	9821	
13	105	1	9821	
13	105	2	9821	
13	105	3	9821	
13	106	1	9821	
13	106	2	9821	
13	106	3	9821	
13	107	1	9821	
13	107	2	9821	
13	107	3	9821	
13	108	1	9821	
13	108	2	9821	
13	108	3	9821	
13	109	1	9821	
13	109	2	9821	
13	109	3	9821	
13	110	1	9821	
13	110	2	9821	
13	110	3	9821	
13	111	1	9821	
13	111	2	9821	
13	111	3	9821	
13	112	1	9821	
13	112	2	9821	
13	112	3	9821	
13	113	1	9821	
13	113	2	9821	
13	113	3	9821	
13	114	1	9821	
13	114	2	9821	
13	114	3	9821	
13	115	1	9821	
13	115	2	9821	
13	115	3	9821	
13	116	1	9821	
13	116	2	9821	
13	116	3	9821	
13	117	1	9821	
13	117	2	9821	
13	117	3	9821	
13	118	1	9821	
13	118	2	9821	
13	118	3	9821	
13	119	1	9821	
13	119	2	9821	
13	119	3	9821	
13	120	1	9821	
13	120	2	9821	
13	120	3	9821	
14	-1	1	0	
14	-1	2	0	
14	-1	3	0	
14	0	1	4949	
14	0	2	4949	
14	0	3	5290	
14	1	1	4714	
14	1	2	4714	
14	1	3	5290	
14	2	1	4528	
14	2	2	4528	
14	2	3	5290	
14	3	1	4388	
14	3	2	4388	
14	3	3	5290	
14	4	1	4291	
14	4	2	4291	
14	4	3	5290	
14	5	1	4235	
14	5	2	4235	
14	5	3	5290	
14	6	1	4217	
14	6	2	4217	
14	6	3	5290	
14	7	1	4252	
14	7	2	4252	
14	7	3	5290	
14	8	1	4353	
14	8	2	4353	
14	8	3	5290	
14	9	1	4514	
14	9	2	4514	
14	9	3	5290	
14	10	1	4728	
14	10	2	4728	
14	10	3	5290	
14	11	1	4989	
14	11	2	4989	
14	11	3	5290	
14	12	1	5290	
14	12	2	5290	
14	12	3	5290	
14	13	1	5625	
14	13	2	5625	
14	13	3	5290	
14	14	1	5988	
14	14	2	5988	
14	14	3	5290	
14	15	1	6372	
14	15	2	6372	
14	15	3	5290	
14	16	1	6771	
14	16	2	6771	
14	16	3	5290	
14	17	1	7178	
14	17	2	7178	
14	17	3	5290	
14	18	1	7678	
14	18	2	7678	
14	18	3	5290	
14	19	1	8322	
14	19	2	8322	
14	19	3	5290	
14	20	1	9054	
14	20	2	9054	
14	20	3	5290	
14	21	1	9821	
14	21	2	9821	
14	21	3	5290	
14	22	1	9821	
14	22	2	9821	
14	22	3	9821	
14	23	1	9821	
14	23	2	9821	
14	23	3	9821	
14	24	1	9821	
14	24	2	9821	
14	24	3	9821	
14	25	1	9821	
14	25	2	9821	
14	25	3	9821	
14	26	1	9821	
14	26	2	9821	
14	26	3	9821	
14	27	1	9821	
14	27	2	9821	
14	27	3	9821	
14	28	1	9821	
14	28	2	9821	
14	28	3	9821	
14	29	1	9821	
14	29	2	9821	
14	29	3	9821	
14	30	1	9821	
14	30	2	9821	
14	30	3	9821	
14	31	1	9821	
14	31	2	9821	
14	31	3	9821	
14	32	1	9821	
14	32	2	9821	
14	32	3	9821	
14	33	1	9821	
14	33	2	9821	
14	33	3	9821	
14	34	1	9821	
14	34	2	9821	
14	34	3	9821	
14	35	1	9821	
14	35	2	9821	
14	35	3	9821	
14	36	1	9821	
14	36	2	9821	
14	36	3	9821	
14	37	1	9821	
14	37	2	9821	
14	37	3	9821	
14	38	1	9821	
14	38	2	9821	
14	38	3	9821	
14	39	1	9821	
14	39	2	9821	
14	39	3	9821	
14	40	1	9821	
14	40	2	9821	
14	40	3	9821	
14	41	1	9821	
14	41	2	9821	
14	41	3	9821	
14	42	1	9821	
14	42	2	9821	
14	42	3	9821	
14	43	1	9821	
14	43	2	9821	
14	43	3	9821	
14	44	1	9821	
14	44	2	9821	
14	44	3	9821	
14	45	1	9821	
14	45	2	9821	
14	45	3	9821	
14	46	1	9821	
14	46	2	9821	
14	46	3	9821	
14	47	1	9821	
14	47	2	9821	
14	47	3	9821	
14	48	1	9821	
14	48	2	9821	
14	48	3	9821	
14	49	1	9821	
14	49	2	9821	
14	49	3	9821	
14	50	1	9821	
14	50	2	9821	
14	50	3	9821	
14	51	1	9821	
14	51	2	9821	
14	51	3	9821	
14	52	1	9821	
14	52	2	9821	
14	52	3	9821	
14	53	1	9821	
14	53	2	9821	
14	53	3	9821	
14	54	1	9821	
14	54	2	9821	
14	54	3	9821	
14	55	1	9821	
14	55	2	9821	
14	55	3	9821	
14	56	1	9821	
14	56	2	9821	
14	56	3	9821	
14	57	1	9821	
14	57	2	9821	
14	57	3	9821	
14	58	1	9821	
14	58	2	9821	
14	58	3	9821	
14	59	1	9821	
14	59	2	9821	
14	59	3	9821	
14	60	1	9821	
14	60	2	9821	
14	60	3	9821	
14	61	1	9821	
14	61	2	9821	
14	61	3	9821	
14	62	1	9821	
14	62	2	9821	
14	62	3	9821	
14	63	1	9821	
14	63	2	9821	
14	63	3	9821	
14	64	1	9821	
14	64	2	9821	
14	64	3	9821	
14	65	1	9821	
14	65	2	9821	
14	65	3	9821	
14	66	1	9821	
14	66	2	9821	
14	66	3	9821	
14	67	1	9821	
14	67	2	9821	
14	67	3	9821	
14	68	1	9821	
14	68	2	9821	
14	68	3	9821	
14	69	1	9821	
14	69	2	9821	
14	69	3	9821	
14	70	1	9821	
14	70	2	9821	
14	70	3	9821	
14	71	1	9821	
14	71	2	9821	
14	71	3	9821	
14	72	1	9821	
14	72	2	9821	
14	72	3	9821	
14	73	1	9821	
14	73	2	9821	
14	73	3	9821	
14	74	1	9821	
14	74	2	9821	
14	74	3	9821	
14	75	1	9821	
14	75	2	9821	
14	75	3	9821	
14	76	1	9821	
14	76	2	9821	
14	76	3	9821	
14	77	1	9821	
14	77	2	9821	
14	77	3	9821	
14	78	1	9821	
14	78	2	9821	
14	78	3	9821	
14	79	1	9821	
14	79	2	9821	
14	79	3	9821	
14	80	1	9821	
14	80	2	9821	
14	80	3	9821	
14	81	1	9821	
14	81	2	9821	
14	81	3	9821	
14	82	1	9821	
14	82	2	9821	
14	82	3	9821	
14	83	1	9821	
14	83	2	9821	
14	83	3	9821	
14	84	1	9821	
14	84	2	9821	
14	84	3	9821	
14	85	1	9821	
14	85	2	9821	
14	85	3	9821	
14	86	1	9821	
14	86	2	9821	
14	86	3	9821	
14	87	1	9821	
14	87	2	9821	
14	87	3	9821	
14	88	1	9821	
14	88	2	9821	
14	88	3	9821	
14	89	1	9821	
14	89	2	9821	
14	89	3	9821	
14	90	1	9821	
14	90	2	9821	
14	90	3	9821	
14	91	1	9821	
14	91	2	9821	
14	91	3	9821	
14	92	1	9821	
14	92	2	9821	
14	92	3	9821	
14	93	1	9821	
14	93	2	9821	
14	93	3	9821	
14	94	1	9821	
14	94	2	9821	
14	94	3	9821	
14	95	1	9821	
14	95	2	9821	
14	95	3	9821	
14	96	1	9821	
14	96	2	9821	
14	96	3	9821	
14	97	1	9821	
14	97	2	9821	
14	97	3	9821	
14	98	1	9821	
14	98	2	9821	
14	98	3	9821	
14	99	1	9821	
14	99	2	9821	
14	99	3	9821	
14	100	1	9821	
14	100	2	9821	
14	100	3	9821	
14	101	1	9821	
14	101	2	9821	
14	101	3	9821	
14	102	1	9821	
14	102	2	9821	
14	102	3	9821	
14	103	1	9821	
14	103	2	9821	
14	103	3	9821	
14	104	1	9821	
14	104	2	9821	
14	104	3	9821	
14	105	1	9821	
14	105	2	9821	
14	105	3	9821	
14	106	1	9821	
14	106	2	9821	
14	106	3	9821	
14	107	1	9821	
14	107	2	9821	
14	107	3	9821	
14	108	1	9821	
14	108	2	9821	
14	108	3	9821	
14	109	1	9821	
14	109	2	9821	
14	109	3	9821	
14	110	1	9821	
14	110	2	9821	
14	110	3	9821	
14	111	1	9821	
14	111	2	9821	
14	111	3	9821	
14	112	1	9821	
14	112	2	9821	
14	112	3	9821	
14	113	1	9821	
14	113	2	9821	
14	113	3	9821	
14	114	1	9821	
14	114	2	9821	
14	114	3	9821	
14	115	1	9821	
14	115	2	9821	
14	115	3	9821	
14	116	1	9821	
14	116	2	9821	
14	116	3	9821	
14	117	1	9821	
14	117	2	9821	
14	117	3	9821	
14	118	1	9821	
14	118	2	9821	
14	118	3	9821	
14	119	1	9821	
14	119	2	9821	
14	119	3	9821	
14	120	1	9821	
14	120	2	9821	
14	120	3	9821	
15	-1	1	0	
15	-1	2	0	
15	-1	3	0	
15	0	1	4949	
15	0	2	4949	
15	0	3	5290	
15	1	1	4714	
15	1	2	4714	
15	1	3	5290	
15	2	1	4528	
15	2	2	4528	
15	2	3	5290	
15	3	1	4388	
15	3	2	4388	
15	3	3	5290	
15	4	1	4291	
15	4	2	4291	
15	4	3	5290	
15	5	1	4235	
15	5	2	4235	
15	5	3	5290	
15	6	1	4217	
15	6	2	4217	
15	6	3	5290	
15	7	1	4252	
15	7	2	4252	
15	7	3	5290	
15	8	1	4353	
15	8	2	4353	
15	8	3	5290	
15	9	1	4514	
15	9	2	4514	
15	9	3	5290	
15	10	1	4728	
15	10	2	4728	
15	10	3	5290	
15	11	1	4989	
15	11	2	4989	
15	11	3	5290	
15	12	1	5290	
15	12	2	5290	
15	12	3	5290	
15	13	1	5625	
15	13	2	5625	
15	13	3	5290	
15	14	1	5988	
15	14	2	5988	
15	14	3	5290	
15	15	1	6372	
15	15	2	6372	
15	15	3	5290	
15	16	1	6771	
15	16	2	6771	
15	16	3	5290	
15	17	1	7178	
15	17	2	7178	
15	17	3	5290	
15	18	1	7678	
15	18	2	7678	
15	18	3	5290	
15	19	1	8322	
15	19	2	8322	
15	19	3	5290	
15	20	1	9054	
15	20	2	9054	
15	20	3	5290	
15	21	1	9821	
15	21	2	9821	
15	21	3	5290	
15	22	1	9821	
15	22	2	9821	
15	22	3	9821	
15	23	1	9821	
15	23	2	9821	
15	23	3	9821	
15	24	1	9821	
15	24	2	9821	
15	24	3	9821	
15	25	1	9821	
15	25	2	9821	
15	25	3	9821	
15	26	1	9821	
15	26	2	9821	
15	26	3	9821	
15	27	1	9821	
15	27	2	9821	
15	27	3	9821	
15	28	1	9821	
15	28	2	9821	
15	28	3	9821	
15	29	1	9821	
15	29	2	9821	
15	29	3	9821	
15	30	1	9821	
15	30	2	9821	
15	30	3	9821	
15	31	1	9821	
15	31	2	9821	
15	31	3	9821	
15	32	1	9821	
15	32	2	9821	
15	32	3	9821	
15	33	1	9821	
15	33	2	9821	
15	33	3	9821	
15	34	1	9821	
15	34	2	9821	
15	34	3	9821	
15	35	1	9821	
15	35	2	9821	
15	35	3	9821	
15	36	1	9821	
15	36	2	9821	
15	36	3	9821	
15	37	1	9821	
15	37	2	9821	
15	37	3	9821	
15	38	1	9821	
15	38	2	9821	
15	38	3	9821	
15	39	1	9821	
15	39	2	9821	
15	39	3	9821	
15	40	1	9821	
15	40	2	9821	
15	40	3	9821	
15	41	1	9821	
15	41	2	9821	
15	41	3	9821	
15	42	1	9821	
15	42	2	9821	
15	42	3	9821	
15	43	1	9821	
15	43	2	9821	
15	43	3	9821	
15	44	1	9821	
15	44	2	9821	
15	44	3	9821	
15	45	1	9821	
15	45	2	9821	
15	45	3	9821	
15	46	1	9821	
15	46	2	9821	
15	46	3	9821	
15	47	1	9821	
15	47	2	9821	
15	47	3	9821	
15	48	1	9821	
15	48	2	9821	
15	48	3	9821	
15	49	1	9821	
15	49	2	9821	
15	49	3	9821	
15	50	1	9821	
15	50	2	9821	
15	50	3	9821	
15	51	1	9821	
15	51	2	9821	
15	51	3	9821	
15	52	1	9821	
15	52	2	9821	
15	52	3	9821	
15	53	1	9821	
15	53	2	9821	
15	53	3	9821	
15	54	1	9821	
15	54	2	9821	
15	54	3	9821	
15	55	1	9821	
15	55	2	9821	
15	55	3	9821	
15	56	1	9821	
15	56	2	9821	
15	56	3	9821	
15	57	1	9821	
15	57	2	9821	
15	57	3	9821	
15	58	1	9821	
15	58	2	9821	
15	58	3	9821	
15	59	1	9821	
15	59	2	9821	
15	59	3	9821	
15	60	1	9821	
15	60	2	9821	
15	60	3	9821	
15	61	1	9821	
15	61	2	9821	
15	61	3	9821	
15	62	1	9821	
15	62	2	9821	
15	62	3	9821	
15	63	1	9821	
15	63	2	9821	
15	63	3	9821	
15	64	1	9821	
15	64	2	9821	
15	64	3	9821	
15	65	1	9821	
15	65	2	9821	
15	65	3	9821	
15	66	1	9821	
15	66	2	9821	
15	66	3	9821	
15	67	1	9821	
15	67	2	9821	
15	67	3	9821	
15	68	1	9821	
15	68	2	9821	
15	68	3	9821	
15	69	1	9821	
15	69	2	9821	
15	69	3	9821	
15	70	1	9821	
15	70	2	9821	
15	70	3	9821	
15	71	1	9821	
15	71	2	9821	
15	71	3	9821	
15	72	1	9821	
15	72	2	9821	
15	72	3	9821	
15	73	1	9821	
15	73	2	9821	
15	73	3	9821	
15	74	1	9821	
15	74	2	9821	
15	74	3	9821	
15	75	1	9821	
15	75	2	9821	
15	75	3	9821	
15	76	1	9821	
15	76	2	9821	
15	76	3	9821	
15	77	1	9821	
15	77	2	9821	
15	77	3	9821	
15	78	1	9821	
15	78	2	9821	
15	78	3	9821	
15	79	1	9821	
15	79	2	9821	
15	79	3	9821	
15	80	1	9821	
15	80	2	9821	
15	80	3	9821	
15	81	1	9821	
15	81	2	9821	
15	81	3	9821	
15	82	1	9821	
15	82	2	9821	
15	82	3	9821	
15	83	1	9821	
15	83	2	9821	
15	83	3	9821	
15	84	1	9821	
15	84	2	9821	
15	84	3	9821	
15	85	1	9821	
15	85	2	9821	
15	85	3	9821	
15	86	1	9821	
15	86	2	9821	
15	86	3	9821	
15	87	1	9821	
15	87	2	9821	
15	87	3	9821	
15	88	1	9821	
15	88	2	9821	
15	88	3	9821	
15	89	1	9821	
15	89	2	9821	
15	89	3	9821	
15	90	1	9821	
15	90	2	9821	
15	90	3	9821	
15	91	1	9821	
15	91	2	9821	
15	91	3	9821	
15	92	1	9821	
15	92	2	9821	
15	92	3	9821	
15	93	1	9821	
15	93	2	9821	
15	93	3	9821	
15	94	1	9821	
15	94	2	9821	
15	94	3	9821	
15	95	1	9821	
15	95	2	9821	
15	95	3	9821	
15	96	1	9821	
15	96	2	9821	
15	96	3	9821	
15	97	1	9821	
15	97	2	9821	
15	97	3	9821	
15	98	1	9821	
15	98	2	9821	
15	98	3	9821	
15	99	1	9821	
15	99	2	9821	
15	99	3	9821	
15	100	1	9821	
15	100	2	9821	
15	100	3	9821	
15	101	1	9821	
15	101	2	9821	
15	101	3	9821	
15	102	1	9821	
15	102	2	9821	
15	102	3	9821	
15	103	1	9821	
15	103	2	9821	
15	103	3	9821	
15	104	1	9821	
15	104	2	9821	
15	104	3	9821	
15	105	1	9821	
15	105	2	9821	
15	105	3	9821	
15	106	1	9821	
15	106	2	9821	
15	106	3	9821	
15	107	1	9821	
15	107	2	9821	
15	107	3	9821	
15	108	1	9821	
15	108	2	9821	
15	108	3	9821	
15	109	1	9821	
15	109	2	9821	
15	109	3	9821	
15	110	1	9821	
15	110	2	9821	
15	110	3	9821	
15	111	1	9821	
15	111	2	9821	
15	111	3	9821	
15	112	1	9821	
15	112	2	9821	
15	112	3	9821	
15	113	1	9821	
15	113	2	9821	
15	113	3	9821	
15	114	1	9821	
15	114	2	9821	
15	114	3	9821	
15	115	1	9821	
15	115	2	9821	
15	115	3	9821	
15	116	1	9821	
15	116	2	9821	
15	116	3	9821	
15	117	1	9821	
15	117	2	9821	
15	117	3	9821	
15	118	1	9821	
15	118	2	9821	
15	118	3	9821	
15	119	1	9821	
15	119	2	9821	
15	119	3	9821	
15	120	1	9821	
15	120	2	9821	
15	120	3	9821	
16	-1	1	0	
16	-1	2	0	
16	-1	3	0	
16	0	1	4949	
16	0	2	4949	
16	0	3	5290	
16	1	1	4714	
16	1	2	4714	
16	1	3	5290	
16	2	1	4528	
16	2	2	4528	
16	2	3	5290	
16	3	1	4388	
16	3	2	4388	
16	3	3	5290	
16	4	1	4291	
16	4	2	4291	
16	4	3	5290	
16	5	1	4235	
16	5	2	4235	
16	5	3	5290	
16	6	1	4217	
16	6	2	4217	
16	6	3	5290	
16	7	1	4252	
16	7	2	4252	
16	7	3	5290	
16	8	1	4353	
16	8	2	4353	
16	8	3	5290	
16	9	1	4514	
16	9	2	4514	
16	9	3	5290	
16	10	1	4728	
16	10	2	4728	
16	10	3	5290	
16	11	1	4989	
16	11	2	4989	
16	11	3	5290	
16	12	1	5290	
16	12	2	5290	
16	12	3	5290	
16	13	1	5625	
16	13	2	5625	
16	13	3	5290	
16	14	1	5988	
16	14	2	5988	
16	14	3	5290	
16	15	1	6372	
16	15	2	6372	
16	15	3	5290	
16	16	1	6771	
16	16	2	6771	
16	16	3	5290	
16	17	1	7178	
16	17	2	7178	
16	17	3	5290	
16	18	1	7678	
16	18	2	7678	
16	18	3	5290	
16	19	1	8322	
16	19	2	8322	
16	19	3	5290	
16	20	1	9054	
16	20	2	9054	
16	20	3	5290	
16	21	1	9821	
16	21	2	9821	
16	21	3	5290	
16	22	1	9821	
16	22	2	9821	
16	22	3	9821	
16	23	1	9821	
16	23	2	9821	
16	23	3	9821	
16	24	1	9821	
16	24	2	9821	
16	24	3	9821	
16	25	1	9821	
16	25	2	9821	
16	25	3	9821	
16	26	1	9821	
16	26	2	9821	
16	26	3	9821	
16	27	1	9821	
16	27	2	9821	
16	27	3	9821	
16	28	1	9821	
16	28	2	9821	
16	28	3	9821	
16	29	1	9821	
16	29	2	9821	
16	29	3	9821	
16	30	1	9821	
16	30	2	9821	
16	30	3	9821	
16	31	1	9821	
16	31	2	9821	
16	31	3	9821	
16	32	1	9821	
16	32	2	9821	
16	32	3	9821	
16	33	1	9821	
16	33	2	9821	
16	33	3	9821	
16	34	1	9821	
16	34	2	9821	
16	34	3	9821	
16	35	1	9821	
16	35	2	9821	
16	35	3	9821	
16	36	1	9821	
16	36	2	9821	
16	36	3	9821	
16	37	1	9821	
16	37	2	9821	
16	37	3	9821	
16	38	1	9821	
16	38	2	9821	
16	38	3	9821	
16	39	1	9821	
16	39	2	9821	
16	39	3	9821	
16	40	1	9821	
16	40	2	9821	
16	40	3	9821	
16	41	1	9821	
16	41	2	9821	
16	41	3	9821	
16	42	1	9821	
16	42	2	9821	
16	42	3	9821	
16	43	1	9821	
16	43	2	9821	
16	43	3	9821	
16	44	1	9821	
16	44	2	9821	
16	44	3	9821	
16	45	1	9821	
16	45	2	9821	
16	45	3	9821	
16	46	1	9821	
16	46	2	9821	
16	46	3	9821	
16	47	1	9821	
16	47	2	9821	
16	47	3	9821	
16	48	1	9821	
16	48	2	9821	
16	48	3	9821	
16	49	1	9821	
16	49	2	9821	
16	49	3	9821	
16	50	1	9821	
16	50	2	9821	
16	50	3	9821	
16	51	1	9821	
16	51	2	9821	
16	51	3	9821	
16	52	1	9821	
16	52	2	9821	
16	52	3	9821	
16	53	1	9821	
16	53	2	9821	
16	53	3	9821	
16	54	1	9821	
16	54	2	9821	
16	54	3	9821	
16	55	1	9821	
16	55	2	9821	
16	55	3	9821	
16	56	1	9821	
16	56	2	9821	
16	56	3	9821	
16	57	1	9821	
16	57	2	9821	
16	57	3	9821	
16	58	1	9821	
16	58	2	9821	
16	58	3	9821	
16	59	1	9821	
16	59	2	9821	
16	59	3	9821	
16	60	1	9821	
16	60	2	9821	
16	60	3	9821	
16	61	1	9821	
16	61	2	9821	
16	61	3	9821	
16	62	1	9821	
16	62	2	9821	
16	62	3	9821	
16	63	1	9821	
16	63	2	9821	
16	63	3	9821	
16	64	1	9821	
16	64	2	9821	
16	64	3	9821	
16	65	1	9821	
16	65	2	9821	
16	65	3	9821	
16	66	1	9821	
16	66	2	9821	
16	66	3	9821	
16	67	1	9821	
16	67	2	9821	
16	67	3	9821	
16	68	1	9821	
16	68	2	9821	
16	68	3	9821	
16	69	1	9821	
16	69	2	9821	
16	69	3	9821	
16	70	1	9821	
16	70	2	9821	
16	70	3	9821	
16	71	1	9821	
16	71	2	9821	
16	71	3	9821	
16	72	1	9821	
16	72	2	9821	
16	72	3	9821	
16	73	1	9821	
16	73	2	9821	
16	73	3	9821	
16	74	1	9821	
16	74	2	9821	
16	74	3	9821	
16	75	1	9821	
16	75	2	9821	
16	75	3	9821	
16	76	1	9821	
16	76	2	9821	
16	76	3	9821	
16	77	1	9821	
16	77	2	9821	
16	77	3	9821	
16	78	1	9821	
16	78	2	9821	
16	78	3	9821	
16	79	1	9821	
16	79	2	9821	
16	79	3	9821	
16	80	1	9821	
16	80	2	9821	
16	80	3	9821	
16	81	1	9821	
16	81	2	9821	
16	81	3	9821	
16	82	1	9821	
16	82	2	9821	
16	82	3	9821	
16	83	1	9821	
16	83	2	9821	
16	83	3	9821	
16	84	1	9821	
16	84	2	9821	
16	84	3	9821	
16	85	1	9821	
16	85	2	9821	
16	85	3	9821	
16	86	1	9821	
16	86	2	9821	
16	86	3	9821	
16	87	1	9821	
16	87	2	9821	
16	87	3	9821	
16	88	1	9821	
16	88	2	9821	
16	88	3	9821	
16	89	1	9821	
16	89	2	9821	
16	89	3	9821	
16	90	1	9821	
16	90	2	9821	
16	90	3	9821	
16	91	1	9821	
16	91	2	9821	
16	91	3	9821	
16	92	1	9821	
16	92	2	9821	
16	92	3	9821	
16	93	1	9821	
16	93	2	9821	
16	93	3	9821	
16	94	1	9821	
16	94	2	9821	
16	94	3	9821	
16	95	1	9821	
16	95	2	9821	
16	95	3	9821	
16	96	1	9821	
16	96	2	9821	
16	96	3	9821	
16	97	1	9821	
16	97	2	9821	
16	97	3	9821	
16	98	1	9821	
16	98	2	9821	
16	98	3	9821	
16	99	1	9821	
16	99	2	9821	
16	99	3	9821	
16	100	1	9821	
16	100	2	9821	
16	100	3	9821	
16	101	1	9821	
16	101	2	9821	
16	101	3	9821	
16	102	1	9821	
16	102	2	9821	
16	102	3	9821	
16	103	1	9821	
16	103	2	9821	
16	103	3	9821	
16	104	1	9821	
16	104	2	9821	
16	104	3	9821	
16	105	1	9821	
16	105	2	9821	
16	105	3	9821	
16	106	1	9821	
16	106	2	9821	
16	106	3	9821	
16	107	1	9821	
16	107	2	9821	
16	107	3	9821	
16	108	1	9821	
16	108	2	9821	
16	108	3	9821	
16	109	1	9821	
16	109	2	9821	
16	109	3	9821	
16	110	1	9821	
16	110	2	9821	
16	110	3	9821	
16	111	1	9821	
16	111	2	9821	
16	111	3	9821	
16	112	1	9821	
16	112	2	9821	
16	112	3	9821	
16	113	1	9821	
16	113	2	9821	
16	113	3	9821	
16	114	1	9821	
16	114	2	9821	
16	114	3	9821	
16	115	1	9821	
16	115	2	9821	
16	115	3	9821	
16	116	1	9821	
16	116	2	9821	
16	116	3	9821	
16	117	1	9821	
16	117	2	9821	
16	117	3	9821	
16	118	1	9821	
16	118	2	9821	
16	118	3	9821	
16	119	1	9821	
16	119	2	9821	
16	119	3	9821	
16	120	1	9821	
16	120	2	9821	
16	120	3	9821	
17	-1	1	0	
17	-1	2	0	
17	-1	3	0	
17	0	1	4949	
17	0	2	4949	
17	0	3	5290	
17	1	1	4714	
17	1	2	4714	
17	1	3	5290	
17	2	1	4528	
17	2	2	4528	
17	2	3	5290	
17	3	1	4388	
17	3	2	4388	
17	3	3	5290	
17	4	1	4291	
17	4	2	4291	
17	4	3	5290	
17	5	1	4235	
17	5	2	4235	
17	5	3	5290	
17	6	1	4217	
17	6	2	4217	
17	6	3	5290	
17	7	1	4252	
17	7	2	4252	
17	7	3	5290	
17	8	1	4353	
17	8	2	4353	
17	8	3	5290	
17	9	1	4514	
17	9	2	4514	
17	9	3	5290	
17	10	1	4728	
17	10	2	4728	
17	10	3	5290	
17	11	1	4989	
17	11	2	4989	
17	11	3	5290	
17	12	1	5290	
17	12	2	5290	
17	12	3	5290	
17	13	1	5625	
17	13	2	5625	
17	13	3	5290	
17	14	1	5988	
17	14	2	5988	
17	14	3	5290	
17	15	1	6372	
17	15	2	6372	
17	15	3	5290	
17	16	1	6771	
17	16	2	6771	
17	16	3	5290	
17	17	1	7178	
17	17	2	7178	
17	17	3	5290	
17	18	1	7678	
17	18	2	7678	
17	18	3	5290	
17	19	1	8322	
17	19	2	8322	
17	19	3	5290	
17	20	1	9054	
17	20	2	9054	
17	20	3	5290	
17	21	1	9821	
17	21	2	9821	
17	21	3	5290	
17	22	1	9821	
17	22	2	9821	
17	22	3	9821	
17	23	1	9821	
17	23	2	9821	
17	23	3	9821	
17	24	1	9821	
17	24	2	9821	
17	24	3	9821	
17	25	1	9821	
17	25	2	9821	
17	25	3	9821	
17	26	1	9821	
17	26	2	9821	
17	26	3	9821	
17	27	1	9821	
17	27	2	9821	
17	27	3	9821	
17	28	1	9821	
17	28	2	9821	
17	28	3	9821	
17	29	1	9821	
17	29	2	9821	
17	29	3	9821	
17	30	1	9821	
17	30	2	9821	
17	30	3	9821	
17	31	1	9821	
17	31	2	9821	
17	31	3	9821	
17	32	1	9821	
17	32	2	9821	
17	32	3	9821	
17	33	1	9821	
17	33	2	9821	
17	33	3	9821	
17	34	1	9821	
17	34	2	9821	
17	34	3	9821	
17	35	1	9821	
17	35	2	9821	
17	35	3	9821	
17	36	1	9821	
17	36	2	9821	
17	36	3	9821	
17	37	1	9821	
17	37	2	9821	
17	37	3	9821	
17	38	1	9821	
17	38	2	9821	
17	38	3	9821	
17	39	1	9821	
17	39	2	9821	
17	39	3	9821	
17	40	1	9821	
17	40	2	9821	
17	40	3	9821	
17	41	1	9821	
17	41	2	9821	
17	41	3	9821	
17	42	1	9821	
17	42	2	9821	
17	42	3	9821	
17	43	1	9821	
17	43	2	9821	
17	43	3	9821	
17	44	1	9821	
17	44	2	9821	
17	44	3	9821	
17	45	1	9821	
17	45	2	9821	
17	45	3	9821	
17	46	1	9821	
17	46	2	9821	
17	46	3	9821	
17	47	1	9821	
17	47	2	9821	
17	47	3	9821	
17	48	1	9821	
17	48	2	9821	
17	48	3	9821	
17	49	1	9821	
17	49	2	9821	
17	49	3	9821	
17	50	1	9821	
17	50	2	9821	
17	50	3	9821	
17	51	1	9821	
17	51	2	9821	
17	51	3	9821	
17	52	1	9821	
17	52	2	9821	
17	52	3	9821	
17	53	1	9821	
17	53	2	9821	
17	53	3	9821	
17	54	1	9821	
17	54	2	9821	
17	54	3	9821	
17	55	1	9821	
17	55	2	9821	
17	55	3	9821	
17	56	1	9821	
17	56	2	9821	
17	56	3	9821	
17	57	1	9821	
17	57	2	9821	
17	57	3	9821	
17	58	1	9821	
17	58	2	9821	
17	58	3	9821	
17	59	1	9821	
17	59	2	9821	
17	59	3	9821	
17	60	1	9821	
17	60	2	9821	
17	60	3	9821	
17	61	1	9821	
17	61	2	9821	
17	61	3	9821	
17	62	1	9821	
17	62	2	9821	
17	62	3	9821	
17	63	1	9821	
17	63	2	9821	
17	63	3	9821	
17	64	1	9821	
17	64	2	9821	
17	64	3	9821	
17	65	1	9821	
17	65	2	9821	
17	65	3	9821	
17	66	1	9821	
17	66	2	9821	
17	66	3	9821	
17	67	1	9821	
17	67	2	9821	
17	67	3	9821	
17	68	1	9821	
17	68	2	9821	
17	68	3	9821	
17	69	1	9821	
17	69	2	9821	
17	69	3	9821	
17	70	1	9821	
17	70	2	9821	
17	70	3	9821	
17	71	1	9821	
17	71	2	9821	
17	71	3	9821	
17	72	1	9821	
17	72	2	9821	
17	72	3	9821	
17	73	1	9821	
17	73	2	9821	
17	73	3	9821	
17	74	1	9821	
17	74	2	9821	
17	74	3	9821	
17	75	1	9821	
17	75	2	9821	
17	75	3	9821	
17	76	1	9821	
17	76	2	9821	
17	76	3	9821	
17	77	1	9821	
17	77	2	9821	
17	77	3	9821	
17	78	1	9821	
17	78	2	9821	
17	78	3	9821	
17	79	1	9821	
17	79	2	9821	
17	79	3	9821	
17	80	1	9821	
17	80	2	9821	
17	80	3	9821	
17	81	1	9821	
17	81	2	9821	
17	81	3	9821	
17	82	1	9821	
17	82	2	9821	
17	82	3	9821	
17	83	1	9821	
17	83	2	9821	
17	83	3	9821	
17	84	1	9821	
17	84	2	9821	
17	84	3	9821	
17	85	1	9821	
17	85	2	9821	
17	85	3	9821	
17	86	1	9821	
17	86	2	9821	
17	86	3	9821	
17	87	1	9821	
17	87	2	9821	
17	87	3	9821	
17	88	1	9821	
17	88	2	9821	
17	88	3	9821	
17	89	1	9821	
17	89	2	9821	
17	89	3	9821	
17	90	1	9821	
17	90	2	9821	
17	90	3	9821	
17	91	1	9821	
17	91	2	9821	
17	91	3	9821	
17	92	1	9821	
17	92	2	9821	
17	92	3	9821	
17	93	1	9821	
17	93	2	9821	
17	93	3	9821	
17	94	1	9821	
17	94	2	9821	
17	94	3	9821	
17	95	1	9821	
17	95	2	9821	
17	95	3	9821	
17	96	1	9821	
17	96	2	9821	
17	96	3	9821	
17	97	1	9821	
17	97	2	9821	
17	97	3	9821	
17	98	1	9821	
17	98	2	9821	
17	98	3	9821	
17	99	1	9821	
17	99	2	9821	
17	99	3	9821	
17	100	1	9821	
17	100	2	9821	
17	100	3	9821	
17	101	1	9821	
17	101	2	9821	
17	101	3	9821	
17	102	1	9821	
17	102	2	9821	
17	102	3	9821	
17	103	1	9821	
17	103	2	9821	
17	103	3	9821	
17	104	1	9821	
17	104	2	9821	
17	104	3	9821	
17	105	1	9821	
17	105	2	9821	
17	105	3	9821	
17	106	1	9821	
17	106	2	9821	
17	106	3	9821	
17	107	1	9821	
17	107	2	9821	
17	107	3	9821	
17	108	1	9821	
17	108	2	9821	
17	108	3	9821	
17	109	1	9821	
17	109	2	9821	
17	109	3	9821	
17	110	1	9821	
17	110	2	9821	
17	110	3	9821	
17	111	1	9821	
17	111	2	9821	
17	111	3	9821	
17	112	1	9821	
17	112	2	9821	
17	112	3	9821	
17	113	1	9821	
17	113	2	9821	
17	113	3	9821	
17	114	1	9821	
17	114	2	9821	
17	114	3	9821	
17	115	1	9821	
17	115	2	9821	
17	115	3	9821	
17	116	1	9821	
17	116	2	9821	
17	116	3	9821	
17	117	1	9821	
17	117	2	9821	
17	117	3	9821	
17	118	1	9821	
17	118	2	9821	
17	118	3	9821	
17	119	1	9821	
17	119	2	9821	
17	119	3	9821	
17	120	1	9821	
17	120	2	9821	
17	120	3	9821	
18	-1	1	0	
18	-1	2	0	
18	-1	3	0	
18	0	1	4949	
18	0	2	4949	
18	0	3	5290	
18	1	1	4714	
18	1	2	4714	
18	1	3	5290	
18	2	1	4528	
18	2	2	4528	
18	2	3	5290	
18	3	1	4388	
18	3	2	4388	
18	3	3	5290	
18	4	1	4291	
18	4	2	4291	
18	4	3	5290	
18	5	1	4235	
18	5	2	4235	
18	5	3	5290	
18	6	1	4217	
18	6	2	4217	
18	6	3	5290	
18	7	1	4252	
18	7	2	4252	
18	7	3	5290	
18	8	1	4353	
18	8	2	4353	
18	8	3	5290	
18	9	1	4514	
18	9	2	4514	
18	9	3	5290	
18	10	1	4728	
18	10	2	4728	
18	10	3	5290	
18	11	1	4989	
18	11	2	4989	
18	11	3	5290	
18	12	1	5290	
18	12	2	5290	
18	12	3	5290	
18	13	1	5625	
18	13	2	5625	
18	13	3	5290	
18	14	1	5988	
18	14	2	5988	
18	14	3	5290	
18	15	1	6372	
18	15	2	6372	
18	15	3	5290	
18	16	1	6771	
18	16	2	6771	
18	16	3	5290	
18	17	1	7178	
18	17	2	7178	
18	17	3	5290	
18	18	1	7678	
18	18	2	7678	
18	18	3	5290	
18	19	1	8322	
18	19	2	8322	
18	19	3	5290	
18	20	1	9054	
18	20	2	9054	
18	20	3	5290	
18	21	1	9821	
18	21	2	9821	
18	21	3	5290	
18	22	1	9821	
18	22	2	9821	
18	22	3	9821	
18	23	1	9821	
18	23	2	9821	
18	23	3	9821	
18	24	1	9821	
18	24	2	9821	
18	24	3	9821	
18	25	1	9821	
18	25	2	9821	
18	25	3	9821	
18	26	1	9821	
18	26	2	9821	
18	26	3	9821	
18	27	1	9821	
18	27	2	9821	
18	27	3	9821	
18	28	1	9821	
18	28	2	9821	
18	28	3	9821	
18	29	1	9821	
18	29	2	9821	
18	29	3	9821	
18	30	1	9821	
18	30	2	9821	
18	30	3	9821	
18	31	1	9821	
18	31	2	9821	
18	31	3	9821	
18	32	1	9821	
18	32	2	9821	
18	32	3	9821	
18	33	1	9821	
18	33	2	9821	
18	33	3	9821	
18	34	1	9821	
18	34	2	9821	
18	34	3	9821	
18	35	1	9821	
18	35	2	9821	
18	35	3	9821	
18	36	1	9821	
18	36	2	9821	
18	36	3	9821	
18	37	1	9821	
18	37	2	9821	
18	37	3	9821	
18	38	1	9821	
18	38	2	9821	
18	38	3	9821	
18	39	1	9821	
18	39	2	9821	
18	39	3	9821	
18	40	1	9821	
18	40	2	9821	
18	40	3	9821	
18	41	1	9821	
18	41	2	9821	
18	41	3	9821	
18	42	1	9821	
18	42	2	9821	
18	42	3	9821	
18	43	1	9821	
18	43	2	9821	
18	43	3	9821	
18	44	1	9821	
18	44	2	9821	
18	44	3	9821	
18	45	1	9821	
18	45	2	9821	
18	45	3	9821	
18	46	1	9821	
18	46	2	9821	
18	46	3	9821	
18	47	1	9821	
18	47	2	9821	
18	47	3	9821	
18	48	1	9821	
18	48	2	9821	
18	48	3	9821	
18	49	1	9821	
18	49	2	9821	
18	49	3	9821	
18	50	1	9821	
18	50	2	9821	
18	50	3	9821	
18	51	1	9821	
18	51	2	9821	
18	51	3	9821	
18	52	1	9821	
18	52	2	9821	
18	52	3	9821	
18	53	1	9821	
18	53	2	9821	
18	53	3	9821	
18	54	1	9821	
18	54	2	9821	
18	54	3	9821	
18	55	1	9821	
18	55	2	9821	
18	55	3	9821	
18	56	1	9821	
18	56	2	9821	
18	56	3	9821	
18	57	1	9821	
18	57	2	9821	
18	57	3	9821	
18	58	1	9821	
18	58	2	9821	
18	58	3	9821	
18	59	1	9821	
18	59	2	9821	
18	59	3	9821	
18	60	1	9821	
18	60	2	9821	
18	60	3	9821	
18	61	1	9821	
18	61	2	9821	
18	61	3	9821	
18	62	1	9821	
18	62	2	9821	
18	62	3	9821	
18	63	1	9821	
18	63	2	9821	
18	63	3	9821	
18	64	1	9821	
18	64	2	9821	
18	64	3	9821	
18	65	1	9821	
18	65	2	9821	
18	65	3	9821	
18	66	1	9821	
18	66	2	9821	
18	66	3	9821	
18	67	1	9821	
18	67	2	9821	
18	67	3	9821	
18	68	1	9821	
18	68	2	9821	
18	68	3	9821	
18	69	1	9821	
18	69	2	9821	
18	69	3	9821	
18	70	1	9821	
18	70	2	9821	
18	70	3	9821	
18	71	1	9821	
18	71	2	9821	
18	71	3	9821	
18	72	1	9821	
18	72	2	9821	
18	72	3	9821	
18	73	1	9821	
18	73	2	9821	
18	73	3	9821	
18	74	1	9821	
18	74	2	9821	
18	74	3	9821	
18	75	1	9821	
18	75	2	9821	
18	75	3	9821	
18	76	1	9821	
18	76	2	9821	
18	76	3	9821	
18	77	1	9821	
18	77	2	9821	
18	77	3	9821	
18	78	1	9821	
18	78	2	9821	
18	78	3	9821	
18	79	1	9821	
18	79	2	9821	
18	79	3	9821	
18	80	1	9821	
18	80	2	9821	
18	80	3	9821	
18	81	1	9821	
18	81	2	9821	
18	81	3	9821	
18	82	1	9821	
18	82	2	9821	
18	82	3	9821	
18	83	1	9821	
18	83	2	9821	
18	83	3	9821	
18	84	1	9821	
18	84	2	9821	
18	84	3	9821	
18	85	1	9821	
18	85	2	9821	
18	85	3	9821	
18	86	1	9821	
18	86	2	9821	
18	86	3	9821	
18	87	1	9821	
18	87	2	9821	
18	87	3	9821	
18	88	1	9821	
18	88	2	9821	
18	88	3	9821	
18	89	1	9821	
18	89	2	9821	
18	89	3	9821	
18	90	1	9821	
18	90	2	9821	
18	90	3	9821	
18	91	1	9821	
18	91	2	9821	
18	91	3	9821	
18	92	1	9821	
18	92	2	9821	
18	92	3	9821	
18	93	1	9821	
18	93	2	9821	
18	93	3	9821	
18	94	1	9821	
18	94	2	9821	
18	94	3	9821	
18	95	1	9821	
18	95	2	9821	
18	95	3	9821	
18	96	1	9821	
18	96	2	9821	
18	96	3	9821	
18	97	1	9821	
18	97	2	9821	
18	97	3	9821	
18	98	1	9821	
18	98	2	9821	
18	98	3	9821	
18	99	1	9821	
18	99	2	9821	
18	99	3	9821	
18	100	1	9821	
18	100	2	9821	
18	100	3	9821	
18	101	1	9821	
18	101	2	9821	
18	101	3	9821	
18	102	1	9821	
18	102	2	9821	
18	102	3	9821	
18	103	1	9821	
18	103	2	9821	
18	103	3	9821	
18	104	1	9821	
18	104	2	9821	
18	104	3	9821	
18	105	1	9821	
18	105	2	9821	
18	105	3	9821	
18	106	1	9821	
18	106	2	9821	
18	106	3	9821	
18	107	1	9821	
18	107	2	9821	
18	107	3	9821	
18	108	1	9821	
18	108	2	9821	
18	108	3	9821	
18	109	1	9821	
18	109	2	9821	
18	109	3	9821	
18	110	1	9821	
18	110	2	9821	
18	110	3	9821	
18	111	1	9821	
18	111	2	9821	
18	111	3	9821	
18	112	1	9821	
18	112	2	9821	
18	112	3	9821	
18	113	1	9821	
18	113	2	9821	
18	113	3	9821	
18	114	1	9821	
18	114	2	9821	
18	114	3	9821	
18	115	1	9821	
18	115	2	9821	
18	115	3	9821	
18	116	1	9821	
18	116	2	9821	
18	116	3	9821	
18	117	1	9821	
18	117	2	9821	
18	117	3	9821	
18	118	1	9821	
18	118	2	9821	
18	118	3	9821	
18	119	1	9821	
18	119	2	9821	
18	119	3	9821	
18	120	1	9821	
18	120	2	9821	
18	120	3	9821	
19	-1	1	0	
19	-1	2	0	
19	-1	3	0	
19	0	1	4949	
19	0	2	4949	
19	0	3	5290	
19	1	1	4714	
19	1	2	4714	
19	1	3	5290	
19	2	1	4528	
19	2	2	4528	
19	2	3	5290	
19	3	1	4388	
19	3	2	4388	
19	3	3	5290	
19	4	1	4291	
19	4	2	4291	
19	4	3	5290	
19	5	1	4235	
19	5	2	4235	
19	5	3	5290	
19	6	1	4217	
19	6	2	4217	
19	6	3	5290	
19	7	1	4252	
19	7	2	4252	
19	7	3	5290	
19	8	1	4353	
19	8	2	4353	
19	8	3	5290	
19	9	1	4514	
19	9	2	4514	
19	9	3	5290	
19	10	1	4728	
19	10	2	4728	
19	10	3	5290	
19	11	1	4989	
19	11	2	4989	
19	11	3	5290	
19	12	1	5290	
19	12	2	5290	
19	12	3	5290	
19	13	1	5625	
19	13	2	5625	
19	13	3	5290	
19	14	1	5988	
19	14	2	5988	
19	14	3	5290	
19	15	1	6372	
19	15	2	6372	
19	15	3	5290	
19	16	1	6771	
19	16	2	6771	
19	16	3	5290	
19	17	1	7178	
19	17	2	7178	
19	17	3	5290	
19	18	1	7678	
19	18	2	7678	
19	18	3	5290	
19	19	1	8322	
19	19	2	8322	
19	19	3	5290	
19	20	1	9054	
19	20	2	9054	
19	20	3	5290	
19	21	1	9821	
19	21	2	9821	
19	21	3	5290	
19	22	1	9821	
19	22	2	9821	
19	22	3	9821	
19	23	1	9821	
19	23	2	9821	
19	23	3	9821	
19	24	1	9821	
19	24	2	9821	
19	24	3	9821	
19	25	1	9821	
19	25	2	9821	
19	25	3	9821	
19	26	1	9821	
19	26	2	9821	
19	26	3	9821	
19	27	1	9821	
19	27	2	9821	
19	27	3	9821	
19	28	1	9821	
19	28	2	9821	
19	28	3	9821	
19	29	1	9821	
19	29	2	9821	
19	29	3	9821	
19	30	1	9821	
19	30	2	9821	
19	30	3	9821	
19	31	1	9821	
19	31	2	9821	
19	31	3	9821	
19	32	1	9821	
19	32	2	9821	
19	32	3	9821	
19	33	1	9821	
19	33	2	9821	
19	33	3	9821	
19	34	1	9821	
19	34	2	9821	
19	34	3	9821	
19	35	1	9821	
19	35	2	9821	
19	35	3	9821	
19	36	1	9821	
19	36	2	9821	
19	36	3	9821	
19	37	1	9821	
19	37	2	9821	
19	37	3	9821	
19	38	1	9821	
19	38	2	9821	
19	38	3	9821	
19	39	1	9821	
19	39	2	9821	
19	39	3	9821	
19	40	1	9821	
19	40	2	9821	
19	40	3	9821	
19	41	1	9821	
19	41	2	9821	
19	41	3	9821	
19	42	1	9821	
19	42	2	9821	
19	42	3	9821	
19	43	1	9821	
19	43	2	9821	
19	43	3	9821	
19	44	1	9821	
19	44	2	9821	
19	44	3	9821	
19	45	1	9821	
19	45	2	9821	
19	45	3	9821	
19	46	1	9821	
19	46	2	9821	
19	46	3	9821	
19	47	1	9821	
19	47	2	9821	
19	47	3	9821	
19	48	1	9821	
19	48	2	9821	
19	48	3	9821	
19	49	1	9821	
19	49	2	9821	
19	49	3	9821	
19	50	1	9821	
19	50	2	9821	
19	50	3	9821	
19	51	1	9821	
19	51	2	9821	
19	51	3	9821	
19	52	1	9821	
19	52	2	9821	
19	52	3	9821	
19	53	1	9821	
19	53	2	9821	
19	53	3	9821	
19	54	1	9821	
19	54	2	9821	
19	54	3	9821	
19	55	1	9821	
19	55	2	9821	
19	55	3	9821	
19	56	1	9821	
19	56	2	9821	
19	56	3	9821	
19	57	1	9821	
19	57	2	9821	
19	57	3	9821	
19	58	1	9821	
19	58	2	9821	
19	58	3	9821	
19	59	1	9821	
19	59	2	9821	
19	59	3	9821	
19	60	1	9821	
19	60	2	9821	
19	60	3	9821	
19	61	1	9821	
19	61	2	9821	
19	61	3	9821	
19	62	1	9821	
19	62	2	9821	
19	62	3	9821	
19	63	1	9821	
19	63	2	9821	
19	63	3	9821	
19	64	1	9821	
19	64	2	9821	
19	64	3	9821	
19	65	1	9821	
19	65	2	9821	
19	65	3	9821	
19	66	1	9821	
19	66	2	9821	
19	66	3	9821	
19	67	1	9821	
19	67	2	9821	
19	67	3	9821	
19	68	1	9821	
19	68	2	9821	
19	68	3	9821	
19	69	1	9821	
19	69	2	9821	
19	69	3	9821	
19	70	1	9821	
19	70	2	9821	
19	70	3	9821	
19	71	1	9821	
19	71	2	9821	
19	71	3	9821	
19	72	1	9821	
19	72	2	9821	
19	72	3	9821	
19	73	1	9821	
19	73	2	9821	
19	73	3	9821	
19	74	1	9821	
19	74	2	9821	
19	74	3	9821	
19	75	1	9821	
19	75	2	9821	
19	75	3	9821	
19	76	1	9821	
19	76	2	9821	
19	76	3	9821	
19	77	1	9821	
19	77	2	9821	
19	77	3	9821	
19	78	1	9821	
19	78	2	9821	
19	78	3	9821	
19	79	1	9821	
19	79	2	9821	
19	79	3	9821	
19	80	1	9821	
19	80	2	9821	
19	80	3	9821	
19	81	1	9821	
19	81	2	9821	
19	81	3	9821	
19	82	1	9821	
19	82	2	9821	
19	82	3	9821	
19	83	1	9821	
19	83	2	9821	
19	83	3	9821	
19	84	1	9821	
19	84	2	9821	
19	84	3	9821	
19	85	1	9821	
19	85	2	9821	
19	85	3	9821	
19	86	1	9821	
19	86	2	9821	
19	86	3	9821	
19	87	1	9821	
19	87	2	9821	
19	87	3	9821	
19	88	1	9821	
19	88	2	9821	
19	88	3	9821	
19	89	1	9821	
19	89	2	9821	
19	89	3	9821	
19	90	1	9821	
19	90	2	9821	
19	90	3	9821	
19	91	1	9821	
19	91	2	9821	
19	91	3	9821	
19	92	1	9821	
19	92	2	9821	
19	92	3	9821	
19	93	1	9821	
19	93	2	9821	
19	93	3	9821	
19	94	1	9821	
19	94	2	9821	
19	94	3	9821	
19	95	1	9821	
19	95	2	9821	
19	95	3	9821	
19	96	1	9821	
19	96	2	9821	
19	96	3	9821	
19	97	1	9821	
19	97	2	9821	
19	97	3	9821	
19	98	1	9821	
19	98	2	9821	
19	98	3	9821	
19	99	1	9821	
19	99	2	9821	
19	99	3	9821	
19	100	1	9821	
19	100	2	9821	
19	100	3	9821	
19	101	1	9821	
19	101	2	9821	
19	101	3	9821	
19	102	1	9821	
19	102	2	9821	
19	102	3	9821	
19	103	1	9821	
19	103	2	9821	
19	103	3	9821	
19	104	1	9821	
19	104	2	9821	
19	104	3	9821	
19	105	1	9821	
19	105	2	9821	
19	105	3	9821	
19	106	1	9821	
19	106	2	9821	
19	106	3	9821	
19	107	1	9821	
19	107	2	9821	
19	107	3	9821	
19	108	1	9821	
19	108	2	9821	
19	108	3	9821	
19	109	1	9821	
19	109	2	9821	
19	109	3	9821	
19	110	1	9821	
19	110	2	9821	
19	110	3	9821	
19	111	1	9821	
19	111	2	9821	
19	111	3	9821	
19	112	1	9821	
19	112	2	9821	
19	112	3	9821	
19	113	1	9821	
19	113	2	9821	
19	113	3	9821	
19	114	1	9821	
19	114	2	9821	
19	114	3	9821	
19	115	1	9821	
19	115	2	9821	
19	115	3	9821	
19	116	1	9821	
19	116	2	9821	
19	116	3	9821	
19	117	1	9821	
19	117	2	9821	
19	117	3	9821	
19	118	1	9821	
19	118	2	9821	
19	118	3	9821	
19	119	1	9821	
19	119	2	9821	
19	119	3	9821	
19	120	1	9821	
19	120	2	9821	
19	120	3	9821	
20	-1	1	0	
20	-1	2	0	
20	-1	3	0	
20	0	1	4949	
20	0	2	4949	
20	0	3	5290	
20	1	1	4714	
20	1	2	4714	
20	1	3	5290	
20	2	1	4528	
20	2	2	4528	
20	2	3	5290	
20	3	1	4388	
20	3	2	4388	
20	3	3	5290	
20	4	1	4291	
20	4	2	4291	
20	4	3	5290	
20	5	1	4235	
20	5	2	4235	
20	5	3	5290	
20	6	1	4217	
20	6	2	4217	
20	6	3	5290	
20	7	1	4252	
20	7	2	4252	
20	7	3	5290	
20	8	1	4353	
20	8	2	4353	
20	8	3	5290	
20	9	1	4514	
20	9	2	4514	
20	9	3	5290	
20	10	1	4728	
20	10	2	4728	
20	10	3	5290	
20	11	1	4989	
20	11	2	4989	
20	11	3	5290	
20	12	1	5290	
20	12	2	5290	
20	12	3	5290	
20	13	1	5625	
20	13	2	5625	
20	13	3	5290	
20	14	1	5988	
20	14	2	5988	
20	14	3	5290	
20	15	1	6372	
20	15	2	6372	
20	15	3	5290	
20	16	1	6771	
20	16	2	6771	
20	16	3	5290	
20	17	1	7178	
20	17	2	7178	
20	17	3	5290	
20	18	1	7678	
20	18	2	7678	
20	18	3	5290	
20	19	1	8322	
20	19	2	8322	
20	19	3	5290	
20	20	1	9054	
20	20	2	9054	
20	20	3	5290	
20	21	1	9821	
20	21	2	9821	
20	21	3	5290	
20	22	1	9821	
20	22	2	9821	
20	22	3	9821	
20	23	1	9821	
20	23	2	9821	
20	23	3	9821	
20	24	1	9821	
20	24	2	9821	
20	24	3	9821	
20	25	1	9821	
20	25	2	9821	
20	25	3	9821	
20	26	1	9821	
20	26	2	9821	
20	26	3	9821	
20	27	1	9821	
20	27	2	9821	
20	27	3	9821	
20	28	1	9821	
20	28	2	9821	
20	28	3	9821	
20	29	1	9821	
20	29	2	9821	
20	29	3	9821	
20	30	1	9821	
20	30	2	9821	
20	30	3	9821	
20	31	1	9821	
20	31	2	9821	
20	31	3	9821	
20	32	1	9821	
20	32	2	9821	
20	32	3	9821	
20	33	1	9821	
20	33	2	9821	
20	33	3	9821	
20	34	1	9821	
20	34	2	9821	
20	34	3	9821	
20	35	1	9821	
20	35	2	9821	
20	35	3	9821	
20	36	1	9821	
20	36	2	9821	
20	36	3	9821	
20	37	1	9821	
20	37	2	9821	
20	37	3	9821	
20	38	1	9821	
20	38	2	9821	
20	38	3	9821	
20	39	1	9821	
20	39	2	9821	
20	39	3	9821	
20	40	1	9821	
20	40	2	9821	
20	40	3	9821	
20	41	1	9821	
20	41	2	9821	
20	41	3	9821	
20	42	1	9821	
20	42	2	9821	
20	42	3	9821	
20	43	1	9821	
20	43	2	9821	
20	43	3	9821	
20	44	1	9821	
20	44	2	9821	
20	44	3	9821	
20	45	1	9821	
20	45	2	9821	
20	45	3	9821	
20	46	1	9821	
20	46	2	9821	
20	46	3	9821	
20	47	1	9821	
20	47	2	9821	
20	47	3	9821	
20	48	1	9821	
20	48	2	9821	
20	48	3	9821	
20	49	1	9821	
20	49	2	9821	
20	49	3	9821	
20	50	1	9821	
20	50	2	9821	
20	50	3	9821	
20	51	1	9821	
20	51	2	9821	
20	51	3	9821	
20	52	1	9821	
20	52	2	9821	
20	52	3	9821	
20	53	1	9821	
20	53	2	9821	
20	53	3	9821	
20	54	1	9821	
20	54	2	9821	
20	54	3	9821	
20	55	1	9821	
20	55	2	9821	
20	55	3	9821	
20	56	1	9821	
20	56	2	9821	
20	56	3	9821	
20	57	1	9821	
20	57	2	9821	
20	57	3	9821	
20	58	1	9821	
20	58	2	9821	
20	58	3	9821	
20	59	1	9821	
20	59	2	9821	
20	59	3	9821	
20	60	1	9821	
20	60	2	9821	
20	60	3	9821	
20	61	1	9821	
20	61	2	9821	
20	61	3	9821	
20	62	1	9821	
20	62	2	9821	
20	62	3	9821	
20	63	1	9821	
20	63	2	9821	
20	63	3	9821	
20	64	1	9821	
20	64	2	9821	
20	64	3	9821	
20	65	1	9821	
20	65	2	9821	
20	65	3	9821	
20	66	1	9821	
20	66	2	9821	
20	66	3	9821	
20	67	1	9821	
20	67	2	9821	
20	67	3	9821	
20	68	1	9821	
20	68	2	9821	
20	68	3	9821	
20	69	1	9821	
20	69	2	9821	
20	69	3	9821	
20	70	1	9821	
20	70	2	9821	
20	70	3	9821	
20	71	1	9821	
20	71	2	9821	
20	71	3	9821	
20	72	1	9821	
20	72	2	9821	
20	72	3	9821	
20	73	1	9821	
20	73	2	9821	
20	73	3	9821	
20	74	1	9821	
20	74	2	9821	
20	74	3	9821	
20	75	1	9821	
20	75	2	9821	
20	75	3	9821	
20	76	1	9821	
20	76	2	9821	
20	76	3	9821	
20	77	1	9821	
20	77	2	9821	
20	77	3	9821	
20	78	1	9821	
20	78	2	9821	
20	78	3	9821	
20	79	1	9821	
20	79	2	9821	
20	79	3	9821	
20	80	1	9821	
20	80	2	9821	
20	80	3	9821	
20	81	1	9821	
20	81	2	9821	
20	81	3	9821	
20	82	1	9821	
20	82	2	9821	
20	82	3	9821	
20	83	1	9821	
20	83	2	9821	
20	83	3	9821	
20	84	1	9821	
20	84	2	9821	
20	84	3	9821	
20	85	1	9821	
20	85	2	9821	
20	85	3	9821	
20	86	1	9821	
20	86	2	9821	
20	86	3	9821	
20	87	1	9821	
20	87	2	9821	
20	87	3	9821	
20	88	1	9821	
20	88	2	9821	
20	88	3	9821	
20	89	1	9821	
20	89	2	9821	
20	89	3	9821	
20	90	1	9821	
20	90	2	9821	
20	90	3	9821	
20	91	1	9821	
20	91	2	9821	
20	91	3	9821	
20	92	1	9821	
20	92	2	9821	
20	92	3	9821	
20	93	1	9821	
20	93	2	9821	
20	93	3	9821	
20	94	1	9821	
20	94	2	9821	
20	94	3	9821	
20	95	1	9821	
20	95	2	9821	
20	95	3	9821	
20	96	1	9821	
20	96	2	9821	
20	96	3	9821	
20	97	1	9821	
20	97	2	9821	
20	97	3	9821	
20	98	1	9821	
20	98	2	9821	
20	98	3	9821	
20	99	1	9821	
20	99	2	9821	
20	99	3	9821	
20	100	1	9821	
20	100	2	9821	
20	100	3	9821	
20	101	1	9821	
20	101	2	9821	
20	101	3	9821	
20	102	1	9821	
20	102	2	9821	
20	102	3	9821	
20	103	1	9821	
20	103	2	9821	
20	103	3	9821	
20	104	1	9821	
20	104	2	9821	
20	104	3	9821	
20	105	1	9821	
20	105	2	9821	
20	105	3	9821	
20	106	1	9821	
20	106	2	9821	
20	106	3	9821	
20	107	1	9821	
20	107	2	9821	
20	107	3	9821	
20	108	1	9821	
20	108	2	9821	
20	108	3	9821	
20	109	1	9821	
20	109	2	9821	
20	109	3	9821	
20	110	1	9821	
20	110	2	9821	
20	110	3	9821	
20	111	1	9821	
20	111	2	9821	
20	111	3	9821	
20	112	1	9821	
20	112	2	9821	
20	112	3	9821	
20	113	1	9821	
20	113	2	9821	
20	113	3	9821	
20	114	1	9821	
20	114	2	9821	
20	114	3	9821	
20	115	1	9821	
20	115	2	9821	
20	115	3	9821	
20	116	1	9821	
20	116	2	9821	
20	116	3	9821	
20	117	1	9821	
20	117	2	9821	
20	117	3	9821	
20	118	1	9821	
20	118	2	9821	
20	118	3	9821	
20	119	1	9821	
20	119	2	9821	
20	119	3	9821	
20	120	1	9821	
20	120	2	9821	
20	120	3	9821	
